-1.000000000000000000e+00
5.355361462085145297e-01
1.814289897976559263e-01
6.027787735989600382e-01
2.088682322259752255e-01
5.560948033945123381e-01
-2.703554015496540952e-01
-5.686039162984646289e-02
-1.311190584045488772e-01
5.530098399381506991e-02
2.675928435592269533e-02
-2.026810271246801409e-01
-2.150823160823488456e-01
-2.213020925879408130e-01
-4.669102451115217378e-02
1.580012565257210289e-01
2.551569953473408203e-01
4.383996766250526367e-01
1.647875839244697382e-01
-2.847668670038636107e-01
-8.487089958115315302e-02
-1.424801339945592493e-01
3.099984630436457556e-01
-4.519287526875305772e-01
-5.663951485285233234e-02
5.740437678115739573e-01
-9.896598865423550384e-02
-4.505098556740360499e-02
4.554513029048009587e-01
-2.334779849055123035e-01
-5.726319933651828897e-01
9.087013959587272871e-02
-9.399088521508064398e-02
-3.669259953746287772e-01
6.457834480412978362e-01
-8.196378747906560291e-02
4.002881105992315280e-01
2.399536664929246277e-01
9.650313266552115743e-02
-5.696663803008400473e-01
-4.417740985121423325e-01
-2.582646893510606168e-01
1.336054030491951039e-01
-1.890703726562155684e-01
3.387768461587330471e-01
1.983692134069810764e-01
2.829031090625633293e-01
6.694889965696955159e-01
3.739773419463154891e-01
9.535069754516832530e-02
3.774490419845649702e-02
4.819615723767798482e-02
-3.055991919986111166e-02
1.309060412441336030e-01
3.893125909404762108e-01
-1.222109278637436569e-01
-2.499656517107365639e-01
2.209795968255187648e-02
1.354384814970962525e-01
2.886054994620272929e-01
-2.930979842360700860e-01
-4.318725049178649966e-01
-1.021954168423485909e-01
1.590013869050212747e-01
4.139773747120125691e-01
6.325130488522354155e-02
-6.785103668225193063e-01
3.070460425459897724e-01
-9.486528464255986060e-02
-2.677255876881123875e-01
-4.656014976532086291e-01
-2.159046238152874664e-01
1.713189330497471019e-01
5.083504984955369288e-01
2.032123473760608923e-01
-3.973805569440265195e-01
-1.825232381915113389e-01
-4.374229404698486423e-01
2.887622172805633380e-01
-3.785127852429899520e-02
3.096906574221935937e-01
5.501171292716036110e-01
1.207242708786182284e-01
-2.680519225887469936e-01
-2.803207397358047359e-01
-2.693631559104243678e-01
-3.820120458491788051e-01
-1.314791371134748088e-01
4.586015415677893170e-01
4.984752444296041696e-01
4.704642776136891413e-01
1.122229681548426172e-01
5.568656700285372629e-01
-5.535579168896988256e-02
1.729429106155225548e-01
-2.757508962256415702e-02
2.900223923448000396e-01
-7.720633640543976828e-01
4.838350809776484351e-02
-8.165763061940049805e-02
1.387431415432536369e-02
4.623945510676923110e-02
-8.517438015470020496e-02
1.936090067155180755e-02
-9.972329659041151428e-01
