-4.305198696724163998e-01
1.839929042032597550e-01
-9.116733312535161282e-01
1.782694406869373971e-01
3.593287183084019620e-01
9.983580423854088171e-01
-7.853121183587241649e-01
5.741671757950901345e-01
9.262942267618945458e-01
6.291099066499228343e-01
-6.850101769834040510e-01
1.652749963848942905e-02
3.992203199649695389e-01
9.321465461476088343e-01
-5.355370492712014929e-01
-3.872228223919498280e-01
-8.363471288230481804e-01
-4.486144259100577347e-01
1.710869735220164056e-01
-8.416284545133432271e-01
9.839648166923908867e-01
1.337320001564084038e-01
-7.246958538362653357e-01
2.757063756201609817e-01
-3.907234586272527732e-01
-7.176966154668722453e-01
-3.034641750189916998e-01
4.810198435301313857e-01
3.506075661519902908e-01
1.878959023729693811e-01
8.420184321022554652e-01
2.928328371663326823e-01
-4.722297532709185397e-02
6.904909040648521401e-01
3.893646626008817613e-02
-3.247333507818610521e-01
-4.661041773072109873e-01
-7.625372129432794743e-01
-5.973452868827129336e-01
6.133561993145559832e-01
-8.687904107207091720e-01
8.193644820183703104e-01
-2.051620460756329312e-01
9.768201265205713746e-01
-7.330690934806971537e-01
-1.130294695899638491e-01
2.310440326517075871e-01
7.510275310201448562e-01
-7.872602553266976333e-01
8.625878996771723095e-01
-2.811863244665773198e-01
-9.051731420423612118e-01
-4.008793691178134111e-01
-3.721231186293609827e-01
-6.826160048787766055e-01
8.540114883351854758e-01
4.543898472882361705e-01
4.796328591373004713e-01
-7.522536568221247499e-01
2.372971002174970589e-01
5.214600874195696179e-01
2.742389211916247405e-01
-5.609823281028807340e-01
-2.317248806521110538e-02
2.842923160803996208e-01
-9.019761445083458451e-01
-5.209465861484792182e-01
3.573760343570786535e-01
2.330616878240927559e-01
1.059091945373458188e-03
-2.599261949876336963e-01
5.073429623981506875e-01
7.867993667539081581e-01
6.228123680159964870e-01
6.845747806306445860e-02
-1.410502806538371789e-01
1.014990996569844484e-01
9.385324587613093072e-01
-1.248403780394085061e-01
6.943291068084394002e-01
-7.700720708816084503e-01
3.620565687394039500e-02
7.906438234271344623e-01
4.606705687128767046e-01
5.522154750134715684e-01
-1.165179475962554445e-01
3.033963001112471858e-01
1.499710640813514129e-01
9.983674069230474846e-01
4.415412438389589855e-01
-9.523091527993305938e-01
4.721522774096298392e-01
-9.506284939022768832e-02
5.982213321414484586e-01
5.968410216416306646e-01
7.405052213129392769e-01
-7.675692838099665849e-01
9.645917449846572733e-01
4.721763638875866587e-01
-2.163752358335713222e-01
5.943331909914726374e-01
5.398873217506163780e-01
5.484119234595616899e-01
-5.458521571035002129e-01
1.856350093319645289e-01
