-1.000000000000000000e+00
-4.828209633658692157e-01
-3.208558080091941100e-01
5.120666623275705459e-02
4.411096889863109216e-01
4.060237952761409641e-01
1.750584774561255441e-01
1.332816169958273567e-01
-6.813909994284018945e-02
3.748535823828798019e-01
3.967273530488419353e-01
-2.198143562563584785e-01
4.681845829395080427e-01
4.043599692358753606e-01
3.560118035581642526e-01
-5.217647981848853866e-02
2.007775041463628618e-01
-1.259828811841428864e-01
2.805545896957988283e-01
2.885433131158136044e-01
-6.697521404327005934e-02
3.176910949290916442e-01
-3.172833794781901862e-01
-1.081668977648486945e-03
6.334650389238233315e-01
2.346711561609144889e-02
1.178274385313880235e-01
7.569333904047301220e-02
-3.631792116485303007e-02
-6.774479295622437558e-02
-3.715196762959985938e-02
2.563037661900596786e-01
1.474327562693324989e-01
-3.056913836250558236e-01
-2.876331140380910534e-01
-4.567381866282546055e-01
-2.571989071388390558e-02
-1.147352043338922545e-01
-1.931075021502449973e-01
3.476832163069345366e-02
-2.766366793538127533e-01
-3.767567867617337141e-02
2.850750127745821372e-01
5.705956735846673400e-01
-3.255935898213934698e-01
-4.299817672607976204e-01
-3.415526534917274759e-01
4.200155072407809609e-01
3.880890552348651990e-01
3.395770588827504155e-01
-3.443622896948119738e-01
2.254563819441217920e-01
3.238762105695576765e-01
4.930811881706549937e-01
2.518653062172554469e-01
-3.085169292300960625e-02
3.920474448178990490e-01
2.355186517238666566e-01
-3.526082992066886246e-01
-1.745117705220761151e-02
-1.301821712100907080e-01
1.166593297536090146e-01
-3.309854422706736132e-01
-8.045730431133550631e-02
5.164754531915004554e-01
3.283244269451594533e-01
-3.470443331468634623e-02
5.254229790566756347e-02
-8.302376182243964564e-02
4.743086148868188578e-01
-6.426706620286985749e-02
-1.543545099217791816e-01
9.187350224029537660e-02
1.526239316036185345e-01
1.121676224586797971e-01
-7.529018828659569951e-02
4.543889162361772760e-01
2.112580252799179381e-01
-4.662830495509240336e-02
-2.589995843037459777e-01
-5.216010697482481584e-01
3.704045980750955147e-01
-2.467205788187304683e-01
1.130692626070486581e-02
-5.845651523604493693e-01
3.888289659879398587e-03
-1.647088572970769049e-01
1.736360256151835701e-01
2.300617200283530117e-01
-2.978222905054223046e-01
-4.674414755651373210e-01
-4.650705778818944314e-01
7.089466339454868204e-02
1.622052218407568358e-01
-1.196863955133640744e-01
-5.779781428495058826e-01
2.962199059000716634e-03
-3.205375238914061065e-01
5.061924912166956281e-01
1.426472134439600581e-01
8.650717443874915424e-02
-2.676557858233954423e-01
-3.002512209308912383e-01
-4.034721917875954689e-01
-9.417877746494868196e-01
