-2.335073215241207922e-01
-3.269523114297601118e-01
-4.489887641351597569e-01
6.646502835925969244e-01
-1.267248686507127520e-01
5.712602224987395338e-01
-8.207548946574130255e-01
7.576276926725800109e-01
-1.786865554539971424e-01
-2.645032521108574564e-01
1.747228650397767424e-01
5.775595130380848374e-01
-9.088601870163095509e-01
-3.227107391539711934e-01
-4.024320653196098441e-01
2.813125734425565572e-01
3.195621066971547908e-01
-8.489397684933235322e-01
4.148725400069055436e-01
7.152304736057191192e-01
-1.619832548353250523e-01
2.568755992916957887e-01
9.493883537893006430e-01
5.962846658706544289e-01
5.637233161638397494e-01
-4.587142562135346768e-01
-7.136249295668308790e-01
8.776545458635729435e-01
7.003445959136134213e-01
1.251831365398330398e-01
-3.724337068039054177e-01
2.927570159316472687e-01
4.356182544210360774e-01
7.697193192292552943e-01
6.605653071776247387e-01
-8.212558358369601574e-01
7.331810553551032505e-02
-2.821537067218344852e-01
-3.734444161902894521e-01
-6.860499243693429783e-01
-5.816785527458885330e-01
6.178055722230408886e-01
7.016175740842167663e-02
3.381503533998380107e-01
-9.816993470354735685e-01
-2.115542774309320251e-02
3.937764101385370363e-01
-4.580726310074145768e-01
3.045077679123648906e-01
-6.583344755717792651e-01
4.381756510383281178e-01
7.644735778259601489e-01
9.758085742787734329e-01
2.344229729720004318e-01
3.370328793838854864e-01
3.906669261619952760e-01
2.023100288248960155e-01
-2.791512381199747761e-01
-9.670307853094555206e-01
-6.724307637665025705e-01
9.380554921915869038e-01
1.076738338010267970e-01
3.539340246961919512e-02
-3.499399408126737665e-01
9.200349727678265310e-01
1.976408038793064925e-01
-1.652716695593174911e-01
4.082781140515256979e-01
-9.814863002211300369e-01
-3.974409276545287639e-02
-8.747615432220736675e-01
6.805297690719411818e-01
3.608491175237706905e-01
9.344932258192983898e-01
4.307192076835293371e-01
5.802187272885563907e-01
3.878639631036946422e-01
7.387108451150090627e-01
8.674309024472475205e-01
3.543064853750577115e-02
-2.635429606854182705e-01
7.980317565957435466e-01
-4.011505531629642185e-01
7.125373403098349545e-01
-4.736466926401223798e-01
6.789411267537948103e-01
5.816318781186247122e-01
9.556853328294312444e-01
6.439779293178959918e-01
-2.394027422023268237e-01
-8.037543832638311958e-01
-3.204877127832523875e-01
4.854195540704309142e-01
8.376685685244869006e-01
-9.733052220931290854e-01
-1.096242039954173908e-01
-8.528340664281015560e-01
9.566094111132543709e-01
1.442475690777107467e-01
-9.096470195282413407e-01
2.502512666061569302e-01
-5.637992677760119697e-01
-1.601778063334873270e-01
-2.820012228710673252e-01
-6.662039174007452491e-01
