-1.000000000000000000e+00
-6.091400483395815746e-01
9.094860309035329715e-02
4.099774434375756949e-01
-1.115005646386124927e-01
3.159928480460408862e-01
-2.726349487871058686e-01
9.870283270102930828e-02
2.305868115892424908e-01
6.552273455432128246e-02
-1.602860856163603742e-01
-6.227301975966866854e-01
-2.360296685180764131e-01
3.822866177440992219e-01
5.953358625849471814e-02
-2.582370125918271864e-01
-2.431465475852632174e-01
-4.876183333980846912e-01
-5.649362788836805732e-02
-4.903982794827504987e-01
-3.267418894840448118e-01
6.134566052982313167e-01
-2.309082599571375960e-01
5.317824922514027830e-02
2.277398553399270220e-01
-3.838648516573197611e-01
-1.025162112535409065e-01
5.138180923554109825e-01
5.080024555166142708e-01
2.763991915821167322e-01
1.773470068773430608e-01
-2.144314298560075216e-01
5.071563184902567745e-01
-1.893420151261684392e-01
3.275400229141509773e-02
2.095870278344347248e-01
-1.535383207118536930e-01
-8.317299664039425056e-02
-2.078599768873066189e-01
-5.444762250688958694e-02
-2.557994192080562113e-01
9.544122134991664397e-02
2.292886054684375452e-01
6.333272455404159729e-01
-4.738024627559835750e-02
-1.984239898543910807e-01
-3.507358460213437779e-01
5.107992875123642529e-01
-9.178160255845309312e-02
-9.527573128587837892e-02
-2.865600714690593742e-01
-1.206554645889672261e-01
7.495284160130230577e-02
2.020791229578621645e-02
-4.316729349606651667e-01
-4.069539321714205071e-01
4.495487220808984385e-02
3.890824006402974211e-01
1.664620870095998573e-01
4.482088053051608290e-01
3.517083441374553310e-01
-2.071932702447859265e-01
-4.065600104609554677e-01
4.130698350106301597e-01
-8.451803417196837587e-02
1.790174025887553491e-02
-1.746810580149396885e-01
1.109950478105980326e-02
2.593812484685372732e-01
-1.087964984030477811e-01
-3.214233624043059678e-01
-1.750405797324918744e-01
-1.242574951573142406e-01
3.884736797476717185e-01
-6.125156410509662031e-02
3.786239854333562915e-01
-5.076536620043681225e-01
-1.954603171065246170e-01
3.870882066373775299e-01
2.052494258503864688e-01
-9.948957543771611012e-02
-5.973857825804103350e-02
7.450449492649854899e-02
-2.507595951857590211e-01
1.352128327037182554e-01
-4.143378825334089743e-01
2.698986242275590031e-01
-4.528187492060898323e-01
-8.711062642746847384e-02
-6.319487809179459570e-02
-2.948721359180107582e-01
6.641815969095056504e-02
-4.948583173261683621e-02
2.577174365723825522e-01
3.346797545083493586e-02
1.681046877778457904e-01
-1.166300104010407068e-01
-3.630744153955783871e-01
6.460175667978577119e-01
7.910718089506449391e-02
7.034374102899815240e-02
-4.858241280775395937e-02
-1.348752750692363833e-01
-2.858251340350318470e-01
-8.929390358783892978e-01
