-1.000000000000000000e+00
-4.698717526598942262e-01
-9.708395502645726649e-02
1.735677985451941630e-02
2.887164814879246144e-01
8.782414726374841024e-03
3.382008440995863396e-01
3.841831434601273298e-01
2.279490052904271902e-04
-1.173466468195162732e-01
-2.393690268620803085e-01
5.169102019114338864e-01
3.559329633053420205e-01
9.823736877512240229e-02
1.204882491049904109e-01
-5.911592613868127399e-02
-3.018667481098151195e-01
5.717459984190600419e-01
-9.508751372676110813e-02
1.624095106474035544e-01
-5.763800880874949545e-02
2.594086966175377929e-01
1.574250669546412851e-01
1.667341652456500178e-01
-8.629352689394736986e-02
2.938474794490952280e-01
-4.281769965524361288e-01
-8.775337859153500841e-02
-8.419323626364824675e-02
1.679671998396565225e-01
-2.505824740981710264e-01
-9.173178614526808494e-02
-7.852117087287180386e-01
2.633485827082538422e-01
-4.185248249634421214e-01
-2.944312890360397672e-01
1.543072135872461392e-01
2.319858352561024462e-02
2.620047179427000827e-01
7.976651739992887680e-02
3.239890999728720633e-01
-4.390498429649163925e-01
5.748814027309223640e-01
3.722197680794339658e-01
1.645029837676153517e-01
-1.441013642563483965e-01
1.132832629205083284e-03
6.720076930082108380e-01
-1.533159396353225845e-01
-2.935755596995346384e-01
-4.314552835210337944e-01
-3.502331720869050757e-02
2.022403865031064951e-01
3.117597503725164643e-01
-6.866547115948797020e-02
-4.534657259450681210e-01
-1.550859932906895611e-01
-1.918734678992845000e-01
-2.907532932620655042e-01
2.775121949943220589e-01
-1.226136058593562533e-01
1.945069662864468141e-01
-4.308380416750292596e-01
2.486187571825139719e-01
9.250598840730132888e-02
-1.928035740167824419e-01
-2.040222184049018672e-01
-2.529859316312303985e-01
2.757104948356980945e-01
-6.083644573628907981e-01
2.151073577236186640e-01
-1.787645137759051039e-01
4.160796558827288549e-02
2.434301061812983447e-01
1.398291216139814150e-02
6.479145767101465170e-01
1.095809096698579926e-01
-7.770040437920562593e-02
2.896598896990623118e-01
2.398877931909782490e-01
3.601988937531958035e-01
2.698907524982989137e-01
-2.534374043860758707e-01
1.486358040598496078e-01
5.968899581377153929e-01
2.863907058432672015e-01
2.131801400356279075e-01
-3.142270883012929228e-01
-3.377988033848425831e-01
-2.129266822376543189e-01
-3.852856684392850228e-01
4.040667031064889003e-01
1.260102166611452579e-01
1.654052529009484296e-01
-4.950552814509624755e-02
-8.316190593223657390e-02
-4.380926734637567710e-02
1.899540605318358541e-02
4.576237133828450210e-01
-3.042364593447599574e-01
-3.313666460389991242e-01
-3.714364981477586425e-01
-2.599602087504853873e-02
2.856912863315009266e-01
-7.754365013106804261e-01
