-2.454873466248549
-0.043324792639112264
-0.2352417397826406
-0.9251790600291377
0.3382335370673012
-0.5732139371722537
-1.724049209494834
0.8011437618827564
0.18608989987363755
-0.7036018084927615
-1.221268329259542
-0.7738313333887508
0.9121056894036144
-2.486478854613596
0.4650069736983445
0.06702685928010527
-0.32162766341728066
1.1535052014352243
-0.0602936470888536
-1.3074067857189051
0.30840612711738424
1.0128226470612611
0.14598012136341898
-1.1547340283915664
1.4491229408110926
-0.30354108284173276
-1.198044750855631
-0.5934306970788502
-0.9655158879519612
-0.9074362438190167
-1.6002031400035872
0.5718062096017387
-0.3426522296517972
2.489734945072372
1.8716605204682886
-1.1370368708524232
1.0111369310375329
0.6418802966130205
0.955035270074241
-0.30622095268279337
-0.26043814427699236
-0.7753370823712444
1.0165018618142798
-0.29031218158269584
-0.14804708361220997
-0.6441358849161938
0.9869129661898479
0.1437161479820668
0.09317441882728883
0.6345327678604191
-1.039948694966641
-0.9424425279343904
-1.117934847634678
-0.23383005505340324
-0.523912368740405
-0.08066299466893145
-2.058318645951498
-1.2649687286311395
0.667246538760174
0.47428835952494786
0.8879887915585183
0.3082001590746279
1.0926817310591872
-0.9187034124545563
1.8989730930124755
-0.5716811502622042
-1.2034519766102934
0.6040098821253919
2.560456358832018
0.14874216926411232
-1.1517801506082614
-0.11105968509283648
-0.3303331144924467
-0.16966718572451803
0.6319458378810588
1.7155653845812093
1.154113803767201
1.4085374037997866
-1.3774470719478882
0.43679394310251873
0.0478976195903007
-2.743426003113393
0.9374471448331027
-0.04620834759638919
0.2765956680044327
-1.8131529195306242
0.49568042550666647
1.827834219813879
-1.6164161192184126
-1.8972093652806992
-0.07740576999198713
-0.0405338344090425
-0.2920100738259245
-0.24052658081454126
0.412440925655465
0.1432598753728037
-0.358384606355964
1.977976097662966
-0.4859250758906204
-0.43354078284664455
0.33445696591114726
-0.43827374333563385
-2.01279158850421
-0.23006662963729874
-1.0589939612220314
0.8855388204776566
-2.095646315044959
0.2146718921601881
-0.40887670208504223
-0.6052208302917322
-0.5503143628306959
0.25866655157822815
-0.9978220027304978
-1.6183977210807243
-0.4259345999441257
-0.18857228867046794
-1.2886042086407246
0.15534963000762125
-0.912300300398755
1.6319644165080234
1.4265449613238088
0.2337430745203683
0.05394087207308114
1.0740667031559934
0.14595499885181354
-1.773504808069623
1.2470585725936296
0.12235247984197373
-0.6479937189613146
0.519426198796152
-1.2888345611548542
-0.7486231593638479
0.09079553655787753
-0.4788792140576155
-1.3852790997013227
0.40517647029620724
-2.322800182072676
1.0784719424232878
2.7883607038430736
0.3891055658331017
1.564712345202124
3.382409358803784
0.8071980453973434
-0.09417391897177947
0.39751805508062976
-0.1314848519327376
0.4206856929586845
0.3757891479243356
0.7292290887114703
-1.1401563777922323
0.9113021725105823
1.9078361075872166
-0.5901463919120802
-1.0361015040746098
-0.7022644374297646
1.3872442577051207
-0.05522871674533881
-1.7032014903118882
1.54848343612382
0.8612665367049757
-0.3469552341715311
0.1795406628805324
1.5512871774100598
-1.3368015480027844
-1.1084112739234724
-1.2587549274498049
-1.8535135764382153
-0.20834758794746783
0.15424030749979623
0.7367584623698855
1.2434470899983683
-0.11770890257278721
1.3162338072151956
-0.9034214290850324
-0.19959654966365914
-2.0973143535236156
0.1312324682687389
-1.062263705616548
-0.4909184018146795
1.7238655944777592
-0.3530860488394968
2.531944883879195
-0.17892229492666178
0.17879973701541016
0.3110129639367831
0.15929853449528264
-0.008226321911325885
-0.17544498181531978
-2.149266675397752
-0.7976125863506719
0.3638361746360218
-2.3462247353345056
1.1371444506182355
1.2472679071495187
0.6437605992443713
-1.1994801247848277
1.8287018310672336
1.2441826688292215
1.2841432071362906
0.1828883417903926
1.5402712213805494
-0.26114841936094746
-0.21546879297630234
0.74958001133637
-0.9013853436412655
-1.221932343838571
0.22124253033566488
-1.8836433391806304
0.606783040433708
0.6352752484382189
0.7003959256035096
0.8854904090685537
1.737126231986651
-1.683184247590131
-1.5559026408823393
1.2817443243758748
0.47637796198518684
0.8718736860883445
-0.18363036578702838
-0.16189723383865937
-2.3569097055509207
0.9490278026449577
0.6737066462854875
-0.028216265757751026
0.7182880551368824
-0.9890853714370194
-1.592023790742151
1.8326779539269134
0.038987401187404125
-0.5950298078104269
1.1732917250319925
-0.3089562621468054
-1.415634146120246
0.6289822571739496
0.9669300338313526
-2.578627188807107
-0.0319258426141652
-0.6843682832578639
1.438627052070544
-0.2847732336637444
-0.43047412289043674
-0.9442113910605039
1.4266834878119583
0.7036929169058238
-1.141038543786971
0.20942496554608103
-0.1362853254303401
0.026143544710430233
0.9385141868294199
-0.016991627836923748
0.21306432738506634
0.4127061038883845
0.36777505561083246
-1.1337748339340568
-1.8681832525680486
2.0936193914286836
-1.7506425960672
-0.6926265886786116
-0.09842778416131871
-0.7565436390016655
0.2630799829793376
1.5432436290489335
0.054303982372357895
1.635441468926328
1.402963209420773
