-1.000000000000000000e+00
1.407936195361622622e-01
-1.285582543264502386e-01
2.290539410215178262e-01
-8.030874498034462627e-02
-9.622064735495039489e-02
3.384755420490687117e-02
2.269153463758968869e-01
4.605262001990400034e-01
2.346266869736804428e-01
-3.515014212392431059e-01
-5.108800290248622922e-01
2.454100270370600523e-01
-1.179957986073475740e-01
-4.942580621140438835e-01
-5.450634201059632034e-01
3.742440861796543783e-01
1.409178961840695243e-01
8.394720957460263810e-02
3.873850012997460679e-01
-3.013385507817897269e-01
4.175913934127237215e-02
-2.968436960733996655e-01
2.504115263522274093e-01
4.104997748919678724e-01
-2.476361425799001870e-01
-1.131321083161431207e-01
3.286665205304604154e-01
-9.788483951841597808e-02
-2.791401035676811526e-01
-2.074278730673355109e-01
-5.398341954515609720e-01
1.640240662746998979e-01
3.189627305087449072e-01
9.124892614178714556e-02
-1.297110615990704485e-01
-2.550795468741896554e-01
2.122161989826453765e-01
-1.565302363582626866e-03
5.059143424194849359e-02
5.868502352904489960e-01
4.658056383201479855e-01
-2.930674613524147931e-01
-1.115272991269609937e-02
-2.079402730433735358e-01
-3.210672060739578892e-01
-5.073810522073161078e-01
1.011531923583953718e-01
1.412331001413955761e-02
-3.150638127693130564e-01
-3.862622460501485833e-01
-2.596104719949596240e-02
3.160560497996238172e-01
4.306265981497453543e-01
-5.332639732162730573e-01
-5.428340028437556031e-01
-3.940272748780419554e-01
7.289203078517014767e-02
-8.940442466505998942e-02
4.577684965581387821e-01
-3.934877635301334831e-01
-3.599960580821491285e-01
-2.839010885456007272e-02
-4.004800226147915698e-02
2.668112582434523095e-01
-4.277815910382094799e-02
3.246573531123558842e-01
-2.221177260650653018e-01
-7.658834100476769047e-02
1.271083551837089154e-01
1.365160804998786226e-01
-1.542730545421862054e-01
-6.834117121866829792e-02
-4.076127814904949298e-02
-4.005167927287656138e-01
-4.385117900785809875e-01
-2.347399762632998987e-01
-2.362132140065004715e-01
8.207624197814730738e-02
2.908174131065649481e-01
-4.894123371495914254e-01
3.981021939783551122e-01
-3.413694033731544675e-01
-1.671372313767089945e-01
-5.721507152380340688e-01
1.492194145433505259e-01
-4.443347050702409762e-01
1.786284262889387686e-01
-3.503451534743139140e-02
3.108487452674447704e-01
-4.112608553113196175e-01
8.009841898630962187e-02
4.035627686065613728e-01
-3.129784731593825142e-02
4.466658877140770034e-01
4.187686973172053406e-01
-2.665038599081738235e-01
-1.557907139052726042e-01
-3.181529188562560728e-01
-4.350391943543346907e-02
1.686779746877836716e-03
3.908611237128165605e-01
-8.500146029752940480e-02
6.265437930633462882e-01
8.444511926144371294e-02
