-1.000000000000000000e+00
-4.293571111671073970e-01
1.312429579262228974e-01
2.440981550621654228e-01
-1.195700016460885806e-01
2.765798646415129625e-01
2.251538993775406006e-01
2.400847125288060047e-01
2.374061284172892528e-01
2.986744652742503447e-01
-7.112921741298985912e-02
-7.367213855461092475e-02
3.303404702695609263e-01
3.223468511346369025e-01
-3.504139224120854101e-01
-1.133791618007970597e-01
1.127942587639835237e-02
1.800067412120630594e-01
4.875529201724828482e-02
2.222426379271925101e-01
2.599023736431735898e-01
4.508078080257441611e-01
2.561405931112156198e-01
2.949351065147950424e-01
-9.263843421718356841e-02
2.420668617913982190e-01
-1.723882827130810702e-01
-1.990775154648552481e-01
3.989102305036896778e-01
-4.461073121398195229e-01
-4.635944848591702083e-01
9.042528790757090040e-02
-3.246663971962858719e-01
1.880410039465672534e-01
-4.021576666758988061e-01
-4.228405554339519368e-01
6.722345402054425989e-01
1.088616140419058215e-01
1.970344634287687566e-02
-4.012188602611651556e-01
-1.605026063107814829e-03
-4.858270030382627613e-01
-3.168487000227470096e-01
1.805758357225519806e-01
4.227150719317843142e-01
1.858894985673232303e-01
2.908426131309240215e-01
3.049995077514062736e-01
-1.115694530352583924e-01
3.333303482257791162e-01
3.744049823152298950e-01
-1.859551153938737433e-01
-1.710302297171888974e-01
1.276124527734868314e-02
-6.030492214386597993e-01
1.001155023416989143e-01
-2.242948104781200269e-01
3.004456594676555570e-01
-2.763035637901117836e-01
2.751142588017510549e-01
4.123141543220728567e-01
-5.036290215510423884e-01
1.271440325907207680e-01
-2.389028175798888209e-01
-3.673692368989171786e-02
-1.947133128337003721e-02
-2.525702532858545846e-01
-2.370458742495619008e-03
1.541991013552501122e-01
2.068372475813395339e-01
-5.525818661446514346e-01
4.109093172232699542e-01
-1.877213367819214329e-01
8.148211845617443772e-02
-5.188792585673226987e-02
9.838459681128450263e-02
2.285964199650111772e-01
1.314347254263153186e-01
5.204970486523302284e-03
-3.004472511058491335e-01
-3.094000073518277660e-01
1.405855158107018055e-01
4.932628885871480628e-01
-2.653244881312990522e-01
8.029481931213480750e-02
-3.612574021749314496e-03
2.617693603110875511e-01
1.495531164564655180e-01
2.279286925566076649e-01
1.192524211568060655e-02
-2.419340999889614541e-01
-4.242999030158172147e-01
-7.928097379735150885e-02
-4.614358273854447523e-01
1.191099316200539548e-01
-1.783383830950480975e-01
-4.847830660615380927e-01
-2.532762997715318765e-01
-1.063742642041850955e-01
2.330519804376058324e-01
-8.875760935564969145e-02
3.801028859424788742e-01
-1.956746279525403698e-01
-6.579982795005656637e-02
-9.977949759219865156e-01
