-1.000000000000000000e+00
3.561472023038952384e-01
-2.304856979116161331e-01
-3.021719687337119931e-01
3.093805662045809868e-01
-1.104877347942199717e-01
2.076934980736386827e-01
3.588399415873475690e-02
-3.395661629269048354e-01
-1.689806345341771654e-01
-1.035021272601917286e-02
8.714291438830432807e-03
-9.829124179665511829e-02
2.965124345014056306e-01
-1.018206734706424421e-01
3.260651390695728513e-01
1.398099084849758200e-01
-1.391148765333355686e-01
9.721385650824507230e-02
-2.451524751620388909e-01
-2.198646389563890802e-01
1.729820931563411934e-01
3.784017925175524599e-01
2.520674452833880294e-03
2.022553625053389315e-01
2.478692030774872213e-01
1.957868751451738790e-02
2.008280056479478382e-01
2.131830756872891142e-01
1.751722322220748140e-01
-1.580375669540706046e-02
-4.268730730385407630e-03
7.817491179282534328e-03
2.533113672061926835e-01
1.266029800034939867e-01
-1.503125589841712573e-01
1.380923072548297936e-01
3.290591901128158137e-01
1.967007393265623461e-01
-2.445140092397642684e-01
1.445967238327429405e-01
-1.444094552900775652e-01
-8.932106078395493642e-02
1.534793811581660894e-01
4.151431598162433345e-02
-2.613401551765411890e-01
-1.661194841329028671e-01
-1.300056920989375309e-01
8.341144674586935259e-02
1.672796025628824623e-01
-1.549053877526587741e-01
-1.704922008445496906e-01
-2.959133523500580565e-01
4.297931018800886793e-01
-9.690265460688006829e-03
4.520484160254678585e-02
1.098187015887530996e-02
2.741546420029331577e-01
-3.124881520909490729e-02
-1.602675164761995508e-01
-6.491678603612927034e-02
-6.559776772018875712e-03
-9.769689361938821426e-02
-9.665468997019813213e-02
4.024595279577734830e-02
-4.357063029783896091e-02
1.947254084818465514e-01
3.231827467129939069e-01
8.881811180793475202e-02
-5.800880064120872426e-02
-1.846081388065712037e-01
2.018587685773436669e-01
2.299075886080131081e-01
-8.876979264766000910e-02
9.281163116564677962e-02
-2.036776908414600351e-01
2.126350640695366945e-01
1.758612916766761347e-01
4.991101466786921487e-02
-8.034835591265376831e-02
-2.154809748636816458e-01
1.062608875337137798e-01
-1.318074191431571271e-02
2.661904380490742045e-02
-1.606824172516137517e-01
-2.689810169699821119e-01
9.652843233478466956e-02
2.561190765968547889e-01
1.192581521740480183e-01
-3.480538627041104404e-03
-2.751365697296055401e-01
-1.672533459171449965e-01
-3.996094260804424203e-01
6.508206524914994517e-02
4.023901695349975105e-01
-8.555305161922276830e-03
-5.925928369141383271e-04
1.375775547697503653e-01
-1.085914468719001019e-01
1.454876560229583782e-01
-4.194644588241010497e-01
-2.907374771913221467e-01
-1.088138635020058365e-01
-3.055160927303202101e-01
-3.920487042627285312e-01
