2.371438919776347465e+00
-6.894388518982811576e+00
2.331362929539167794e+00
-9.205135203714156500e-01
-1.453336324059025131e+00
1.595857828743818541e+00
5.027943731902214664e-01
3.222183054525311618e+00
3.461097404436435543e+00
-7.442237617202232536e-02
1.990658288544577603e+00
1.287625484929843633e+00
5.798757701257745145e-01
-4.025436062342238608e-01
7.040524118112896634e-02
7.889527565605046755e-01
6.598350457809738501e+00
-1.449962356503049721e+00
3.094698542813283826e+00
-1.758077281868169139e+00
5.570895325519659158e-01
9.827783481772777163e-01
-3.902865718004266959e-01
4.134447696256215110e+00
-1.695721366855914791e+00
-1.787040736284331466e+00
1.389649127853359589e+00
-3.389832574970244483e+00
-9.055762391487196580e-04
-1.522144817522637528e+00
-3.427212670380522574e+00
6.551163123928950283e-01
-2.429407349965824192e+00
2.274153543729408700e+00
-3.991082146376374595e+00
-2.196082897771129083e+00
-1.714949189185468681e+00
2.139671337995061151e+00
4.364952699379031742e+00
-1.608236887630877243e+00
-1.438943706600235739e+00
-1.006666897746836264e+00
-2.736233122933611206e+00
2.570321814298270002e+00
-2.077233396889480055e+00
3.205806225777645402e+00
2.424019794823175200e+00
-3.658551240867744969e+00
-2.221211348323981927e+00
3.508277131214157851e+00
-1.749779846793591442e+00
3.536552788761202937e+00
-1.324123089918578799e-01
2.285395175239556043e+00
2.073943326051169489e+00
-5.533197410811347972e+00
-4.261120808649838665e+00
1.719390921654964099e+00
3.073341215777507962e+00
3.849549655615061572e-01
1.025469917443475154e+00
7.822986421360595966e-01
6.016320957138875380e-01
-7.519792495969691570e-01
-2.513862912015358386e+00
4.008838254447065985e+00
-4.033616722141845079e-01
-2.664826484319027688e+00
-6.992374987226951388e-01
-8.367583594923762025e-01
1.879609260446060137e+00
3.977806917920982954e+00
-1.463146566744396360e+00
1.582515170120214920e+00
4.768009928035073230e-02
1.872904063016561649e+00
-2.713551998463561876e+00
-2.657569558773009710e+00
-1.769312210366563276e+00
-2.280767491793032509e+00
1.887618095498422521e+00
3.504218576215528458e+00
-4.155084048057020030e-03
-3.182625941682263537e+00
-1.700642301665527656e+00
-1.013163171159164211e+00
-1.788349961942709676e+00
3.902337154574173184e+00
3.918757079845436309e-02
1.572715567095916089e+00
-7.721540688908175021e-01
-6.102326441939919910e+00
1.546547669497412736e+00
-2.909255381607771973e+00
-4.202768466227387201e+00
7.156423333515816720e-01
1.846733655118033779e+00
1.069997622344176363e-01
-1.775567094264342893e+00
-3.703964028113056806e+00
2.122644107024270976e+00
3.947708297895919927e+00
1.624544303247110522e+00
-8.266596335198270751e-01
3.350188101637671112e-01
-4.011709793938278423e+00
1.077839677138069607e+00
-1.273120018460776492e+00
7.831230598678188271e-01
8.661242282514169943e-01
3.040792411556720864e-01
1.955548065665492219e+00
-1.198409659216338685e+00
1.932535013528294598e+00
1.526168295087816595e+00
-7.729500445635526518e-01
-1.044144098350787253e+00
-4.283561351220604996e-01
4.329960729752746929e+00
-6.900369814850780159e+00
1.639419955657365757e-01
-7.110087127831758558e+00
-2.884829639418132530e+00
1.272464247240792656e-01
3.038002562852588628e+00
8.197561242757327449e+00
-3.240101249291309493e+00
-2.248109878090185809e+00
-9.913995645555506719e-01
2.753485313472893825e+00
-1.400069209591573660e+00
-1.230033926362370661e-02
1.491842682537939613e+00
-2.959296354716547950e-01
-1.611637123377510195e+00
-3.880027496319954139e+00
2.842219412522556610e+00
-3.780855799267170081e+00
-9.773023822799755678e-01
-1.327287179380553184e+00
1.621802385960419368e+00
-1.367291398278319414e-01
6.050767731700441576e-01
2.986821880246047112e+00
-1.506561979625522518e+00
5.094547073930193903e+00
1.297554944150798750e+00
-4.125721260799412704e+00
2.997484863922294185e+00
7.075487659202204238e-01
-1.201348490887451881e+00
9.524346266259762217e-01
-1.608776993603102001e+00
-2.977613455390141883e+00
-1.994911623979479742e+00
-3.383760119664246169e+00
-4.166663659051009994e+00
-9.385630957410835418e-01
1.394839234115641702e+00
7.790810619917397373e-02
-6.488124982488272074e+00
-2.133622254824008468e+00
-2.573817272162099545e+00
-2.991939043703382706e-01
-5.221164215466018277e+00
-1.731327066711205065e+00
2.341931527477076891e+00
2.396465650518132762e+00
3.437070235437944543e+00
-2.431727487987715097e+00
1.351743872661445467e+00
-2.038549199403966838e+00
-2.722504433720187578e+00
9.532288537592132904e-01
6.469655986790529001e-01
-1.520367699975333053e+00
-2.513152544475839356e+00
2.167401323928455525e+00
3.190327273676641373e-01
3.020071597089144966e+00
1.866847941984921988e+00
7.790579940968700434e-02
1.237261648329504915e+00
1.365945199913509711e-03
2.187087320761711418e+00
3.628792017129361946e-01
-2.852614763076984250e+00
3.012699204544784681e+00
-1.445499765783808455e+00
-3.257504117107108854e+00
-1.757944056189427728e+00
8.414826730656390641e-01
5.756362143191701142e-01
-3.247618631095708253e+00
7.288833340624522039e-01
-8.932533342712395408e-02
-3.548799887060348102e+00
-3.219235582266970486e+00
-3.272544683793351949e-01
2.095019940225220090e+00
3.247010566389874932e-03
-4.972489262235584295e-01
-3.400535782509112259e+00
-6.280492302686471184e-01
1.019648909069505560e+00
-1.116450433185364327e-01
-3.656765778588126459e+00
-3.338057415629287483e+00
-2.091186135420048942e+00
-1.500952702441445075e+00
-3.564361389019925497e+00
3.782680710842961425e+00
3.592176973712120969e+00
2.552051675980182122e+00
3.321926072433309507e+00
4.569379609100786332e+00
3.426567994634841519e-01
1.895400373129208171e+00
3.671418031851120811e-01
-1.382213408218192052e+00
-1.264037052251985482e+00
5.407380131707739679e-02
4.149813574397388294e+00
-5.056669323908153935e+00
-4.481782148084064943e+00
-3.014095217341044020e+00
9.754834843284008183e-01
8.635243785061958999e-01
-2.546208600752240869e+00
-1.874113708637292985e+00
1.383332689487751122e+00
4.879308856027855801e-01
1.859983728603274988e+00
5.716043574786491277e+00
2.197672830632631857e+00
5.212236965277774026e+00
5.917077787024652702e-01
3.036462849248219520e+00
6.497008517761643454e+00
-1.303842047616018851e+00
-2.184485636082813403e-02
1.256277148092958207e+00
3.628726144525959540e+00
9.933810873539783426e-01
-2.184306555390520099e+00
3.916926584628957375e+00
-1.217386036733568933e+00
3.889005181356290919e+00
-2.718204032743388177e-01
8.667932017328701111e-01
-7.461771326420395534e-01
4.881787623385114294e+00
7.242895090655040446e-01
1.642015152269012068e+00
-1.865386786247848594e+00
-8.374577618470202545e-01
1.826073799699088340e+00
-1.327172720077586687e+00
4.435282050478166482e+00
2.457187611667654981e+00
-5.285185130430607892e+00
-3.143170433321651025e+00
-1.440892320116853753e+00
1.871982076011051432e-01
-1.412684193345834505e+00
