6.775281126785076324e+00
-2.480212591234102870e+00
1.685482117913121858e-01
-2.127859680099528195e+00
3.338500325927408863e+00
2.275503022953596854e+00
4.353393709418371671e-01
1.326382116007516210e-01
-1.374612867579780184e+00
9.189321148809542761e-01
-1.155793885106715546e+00
-1.682645774023305174e+00
1.024300372387174640e-01
-3.870038634831045599e+00
1.706081330144288088e+00
1.156228247286783528e-01
-1.548867598427476677e+00
-8.336405039620902180e-01
-2.568939141308379082e+00
1.813276187966490705e+00
3.802007453299890649e+00
-9.849666321615087039e-01
-1.771913346878424944e+00
2.793780947280903426e+00
-4.866087222982407923e+00
2.920366518191225502e+00
2.371990618267818984e+00
1.012478630411985936e-01
-3.019957912592377891e+00
-3.839960141480756928e+00
-1.201389252249658313e+00
-1.715992178037182736e+00
-1.212604639964780517e-01
-3.489120084083475959e+00
-1.880250042925281750e+00
-3.322562904686716667e-01
1.496618696980911434e+00
-4.258162472550296229e+00
2.252412496372184325e+00
2.837717383218060441e+00
-1.899338065055422131e+00
3.534639521314091759e+00
1.840187519711142361e+00
-2.491166697492225524e+00
5.252860080825604072e+00
-1.493272968208396279e+00
-2.989610969897365855e+00
4.136217905640697801e-01
2.364446972396307078e+00
2.811768588795375834e-01
1.752624050095794139e+00
8.019915755300143445e+00
3.641361170763258714e-01
-4.005003009932202040e-01
7.501889564701327284e-01
1.398463656533812660e-01
-1.965800389738550091e+00
-2.701522427757172551e+00
-1.316086959620284214e+00
1.394023001077916657e+00
-2.080913946066165643e+00
2.795987818706808348e+00
1.811163605798050469e+00
-3.662568004418425005e-01
1.192973474106116871e+00
1.245559851251368144e+00
-4.870736381406981508e-02
1.040522029769995749e+00
9.332346909541051616e-01
-1.951993065892065005e+00
7.552072993507029652e-01
-4.075001281922442153e+00
-6.348675174068776350e-01
1.951854181488345663e+00
-5.683518744997861027e+00
-1.869469078965573683e+00
-4.298496059895334120e+00
-2.875206388048177075e+00
2.986946949384083894e+00
-1.766178943777551247e+00
4.606073114189337403e+00
3.696637286951606427e+00
4.829529522565936261e+00
-4.027344285894688625e+00
5.622067924097944314e-01
-5.093890491459053038e+00
3.989059883909163773e+00
1.748132936286596717e+00
5.418153280802349148e-01
2.972905373145358632e-01
7.283005171400928290e+00
-2.325457373502525016e+00
5.718539305180101451e+00
-4.708588024328772548e+00
-6.512683495079012452e-01
1.028258782997615972e+00
1.137711956826388038e+00
1.122422631499288004e+00
2.919433140875278276e+00
1.604406412438484697e+00
3.315004416999247638e+00
-4.089982234625673674e-01
-5.703582965093569879e-01
2.227033769234600502e+00
-3.159800947999086063e+00
4.408588158566893789e+00
4.017689114067342970e+00
-3.093128263554678625e-02
-2.992984697337659483e+00
7.378261387433824314e-01
-4.189698878720185427e+00
-1.472091357543840573e+00
2.810124960657785387e+00
1.969411447313078156e+00
8.454528128194125358e-01
-9.333554338927010363e-01
3.049244993427624451e-02
-1.370730239613226153e+00
-3.544939694827850651e+00
-5.292046798643703642e-01
3.456643233530337644e-01
7.823685610860222628e-01
-1.304201138566774665e+00
-7.821771664687366510e+00
-6.789662683567824430e+00
-9.227606368043375085e-01
7.243742845232528094e-01
5.736566502923157174e-01
1.138222708967794317e+00
-2.260932399897765954e-01
2.871211301335763189e-01
-1.150467816024498102e+00
-1.785730524558198917e-01
-2.808116485216995084e+00
1.596006862401179172e+00
-2.949510813937705311e+00
-2.882019441904990487e-01
-2.252386448233469896e+00
-7.532197292287293067e+00
6.530863305903285010e-01
1.813748760760559575e+00
1.827784717040194629e+00
6.349303034452319139e+00
-1.171913737646804066e+00
-2.397663613828373563e-01
-4.197595992455788405e+00
-2.883451435391565454e+00
1.781849554890012843e+00
-3.859363931459556696e+00
-4.708713955467471735e-01
-8.299424938885531233e-01
2.343245957429589410e+00
-3.267187741018005465e+00
-5.804770863808101922e-01
5.406722963865422393e-01
-1.529867559271211430e+00
9.873645038567944177e-01
-4.425531354910093640e+00
-1.814592867361475070e+00
-3.932618587889191719e-01
4.114741620454783755e-01
-6.809144668957267665e-02
4.395018088540317613e+00
2.529023279631868348e+00
7.738068711788725906e-01
1.763942846276583598e+00
2.080527276755370636e+00
-8.148215907984368567e-01
2.420016999150105264e+00
1.440167702389098636e+00
-5.149879423011944013e+00
-4.670214355113612825e+00
2.909355268618165624e+00
3.318282699925712009e+00
-3.745503826036548745e+00
7.575290049989232832e-01
-3.490960435456168742e+00
-2.945089818147756500e+00
-1.568733040161882641e+00
-3.322723386393561018e+00
1.974849840242044241e+00
4.532564864524577075e+00
8.273803447381066434e+00
-1.944052595425211472e+00
-2.178833484210822125e+00
-4.453557679850889128e-02
1.064777484692989162e+00
3.724897897072314557e+00
2.136612086286146628e+00
-8.024601229196681729e-01
-2.046819925242005844e+00
-1.146931254218896967e+00
1.649562882687381160e+00
1.802686353036415889e+00
6.803826133890491512e-01
-1.480076382945952229e+00
4.287400050058418621e-01
-1.525046385126138659e+00
4.669744937580949440e+00
-2.619648361109339518e+00
-6.975229569451973921e-01
-1.085425374729749093e+00
-1.045741068239147031e+00
-1.676480010708778945e+00
1.747420044607514988e-01
-5.944517950587784316e-01
1.302405818390178993e+00
7.654683239963167019e-01
2.048669961738623257e+00
2.055571879375200250e+00
-4.639080936825928703e+00
-2.908129794217964026e-01
8.370252465622408877e+00
-3.237245576117755430e+00
-2.565641215294681921e+00
2.996635638679017166e+00
-2.088013236185877475e-02
1.123817602949264138e+00
-4.821844395521979187e-01
8.331525288763927950e-01
1.358864499546698523e+00
-1.767595392373797480e-01
1.517841797163528517e+00
-2.142731962089519104e-01
-2.154943902886520934e+00
-3.214456207254725140e+00
-1.248791363609080385e+00
4.312687983352775589e+00
2.556082413029014955e+00
-2.690575265162395535e+00
-2.784420621723580513e+00
-3.759451361759782895e+00
-3.353424498724779657e-01
-2.679484041559033081e+00
7.808440015092141806e-01
2.003339048625845109e+00
3.007124732594260053e+00
2.330012897271267480e+00
1.058023080449551845e+00
8.567110290423700647e-01
7.963647833670291831e+00
7.415200761861604484e-01
1.445179769398563074e+00
3.506234110998096121e+00
6.369286906397364501e-01
2.040843993110696086e+00
1.916631704815012105e+00
2.037983978007669172e+00
3.209638947986090507e+00
2.194660823048393716e+00
6.215578808822974644e-01
1.577548785377290486e+00
1.795113846157771365e+00
-7.497041413398646270e-01
2.894068280424280992e+00
-1.430463572367553171e+00
-5.000064363937993583e+00
1.481627417300151572e+00
-2.673973870099971784e+00
3.033962312488486468e+00
3.122184299524444206e+00
2.884690196045464283e+00
-1.310969407461701985e+00
1.526195081166564105e+00
-2.821646143118465400e+00
