7.533704884059153617e-01
4.755808547619199800e+00
6.146516009890277132e+00
3.719563291034165609e+00
-4.147158102138045699e+00
-7.068209939652263518e-01
-4.380788827024407972e+00
-3.048677551890474069e-01
-2.657628150108509058e+00
-3.470238498274991645e+00
4.628559177736845776e+00
1.967470003105706633e+00
-7.967038379660514202e+00
3.010240949320701076e-01
1.160227237000141853e+00
-3.886635133881200410e+00
5.088225667359569826e+00
2.020457825105275163e-01
1.443099346681920858e-01
-2.889729863466931281e+00
-4.336953518734122603e+00
1.421419197194690121e+00
4.042249848059188189e+00
-3.288707865663066610e+00
5.262109726355930217e-01
7.665611968045010549e+00
9.943408092204699678e-01
-1.153724907374133801e+00
-3.839517589461337810e+00
4.479081665559794700e+00
2.277586023879643484e+00
5.604942506842569117e+00
-3.213324074100043948e+00
1.211296964572462054e+00
1.106286826498038112e+00
-3.678508722000485287e-01
1.011437482448330094e+00
3.456074861723290592e+00
-5.489302673250250564e+00
4.548090190164989721e+00
-1.658227775820692473e+00
-1.577082286449083437e+00
6.159818575017709463e+00
5.390429349831999950e+00
6.687811569038575321e-01
-2.375184704493014110e+00
-6.420125883902465524e+00
-2.640845127104889389e+00
-3.210887966278735295e+00
1.025074133710961455e+00
3.920167744311480629e+00
-2.664908315452323428e+00
-8.100212204495512935e+00
2.153259933944894344e-01
-5.801245790403983804e-01
-2.467177851844236103e-01
3.067176110746343554e+00
2.364882260472649378e+00
-4.144792421789599501e+00
1.022325925716439876e+00
2.225831255392423547e+00
-6.977480572023848637e-01
1.109188036740432537e+00
-5.515399449790081121e+00
4.516336837651434344e+00
-1.603660448648712933e+00
3.452007331899319187e+00
9.399902878097533554e-01
-1.662396193848073578e+00
-2.436532879041169330e+00
-1.359945966144705976e+00
3.606373378827932186e+00
5.463904831775516779e-01
5.104240600081128676e+00
3.010933143754989771e+00
8.471175988870818685e+00
-8.453178354380990189e-01
3.456457161847520165e+00
1.225440941792655059e+00
8.112458960246736739e-01
4.400858420391967618e-01
5.753971807587923593e+00
3.879338993345649467e+00
5.683445501836054348e+00
-3.248189387286176011e+00
6.041836065466235084e+00
-3.089227449939663028e+00
-4.185734439859859712e+00
4.300878468470145322e+00
2.908671165762615196e+00
1.692898433053422691e+00
1.200510211104743430e+00
2.203290436388790408e+00
5.263121501740182673e+00
-3.569094467936778869e+00
-3.659900737098730872e+00
-7.176853285333018029e+00
-1.274843946584127252e+00
2.926782044287884688e+00
7.371910391038366539e-01
-1.024196781159852021e+00
3.751621250552291897e+00
1.003265512105638635e+00
-1.659669670486650483e+00
-1.780756180687389056e+00
2.462750104164039278e-01
7.683916068604238703e+00
6.223362131537213404e-02
-2.224754620111562442e+00
4.916435281983456917e+00
2.590491530476617843e+00
-1.263212378252313167e-02
6.073624528300449604e-02
-1.447393465114860667e-01
-5.355265781457224428e+00
4.232586938580113589e+00
-1.003948073530910978e+00
-3.178625963184425363e+00
4.655659355477160588e+00
-8.980922600335167205e-01
2.985088629702246976e+00
-1.307674088716102467e+01
-2.299503141808654672e+00
-6.537287484809764848e+00
6.768487158372299639e+00
-2.373720677357458175e+00
5.451117150832821556e-01
-4.246495852038334462e+00
-1.186780328121482597e+00
7.896548437066202020e+00
2.215167477187546030e+00
8.968672882774311184e-01
-7.411989713583714057e+00
4.301567683310356216e+00
2.658500536889810917e+00
-2.144414282069088795e+00
3.402907471117896931e-01
5.103658381439436509e-01
6.534620010577334437e-01
4.271146005661773160e+00
1.028468900032005306e+00
6.165267193836008630e+00
4.617015187326178882e+00
-1.723354394379060350e+00
-6.199303568007321630e+00
-2.910555558131694642e+00
-9.613912085558483644e-01
-6.846729608584337656e-01
3.268128495242258680e+00
8.551770787314699973e+00
-5.920010188047175603e+00
-3.236179164092062521e+00
1.359385096412045468e-01
2.158013047065715506e-01
-1.157956460872716864e+00
2.366088105394302588e+00
5.577901488472205571e-01
-6.727146217182810695e+00
-2.025737401298293605e+00
-8.511059298978301824e-01
-9.269023426481787453e+00
5.559851175182877192e-01
5.029830642116725592e+00
-4.451705917441158178e+00
6.841783025633692894e+00
1.768960100271449454e+00
-3.338965441017569979e+00
-4.805587963876043034e+00
-3.584521757457556301e+00
-6.912018245478952494e+00
-3.708682349112052967e-01
-7.844482624209693000e+00
2.709305241308464840e+00
8.855027840533095329e+00
-2.276831446173849027e+00
3.679110072985910751e+00
-6.364920634054997528e+00
4.098411874557612578e+00
6.590723947839017605e+00
-5.201728652682474641e-02
7.135501287197562603e-02
-3.561274024074027267e+00
9.555658378160032385e+00
-2.363505950170099013e+00
-3.124805264905023972e-01
2.917177037035886822e-02
-1.418354032162225664e+00
-4.378169025263609626e+00
9.525691469387892463e-01
-9.398610147325022757e-01
1.687313107627126829e+00
-1.603515495773446986e+00
2.726328582440273873e+00
-8.602362868966858755e+00
-6.312737711144035480e+00
3.471475944037788697e+00
2.024812330290572504e+00
3.926562121967089425e+00
1.333053941024620048e-03
4.475824364853538739e+00
-4.144283627862743180e-01
1.689681070496349857e+00
5.715050603809014085e+00
-3.930519654821644338e+00
-1.679779112126786211e+00
3.467680360409389984e+00
7.350507595894422153e+00
2.494244116008716095e+00
3.249872348250464782e+00
-5.318101506520913624e+00
-3.956457516494618964e+00
2.854527176126867793e+00
-4.755716484895747165e+00
6.440191583091424476e+00
-4.129676751830289039e-01
2.563740432259545621e+00
5.828315838381788794e+00
1.175154930925008223e+00
-1.402035916974540886e+00
-5.518132326044093983e-01
-9.416362728207690047e-01
-2.011918792360602115e+00
-4.682695527779232592e+00
-2.666476755713290903e+00
-2.082015624134584186e+00
-6.787804415923739398e+00
-3.820088938474702100e+00
-3.101138047626529337e-01
-7.617774888343458173e-01
-2.741775479323077747e+00
6.387973010645348282e+00
1.378576745010290594e+00
4.398026964129885918e+00
4.611070235500872805e+00
7.248401068391565616e+00
-4.990960559671846930e+00
2.395379352594776190e+00
6.339491321576898208e+00
-1.570948090842512856e+00
-5.658861975874883044e+00
-2.208142828555883064e+00
3.349034268293080263e+00
3.212491292829767975e+00
5.485340099130667113e+00
3.453690413562552575e+00
2.536840720369362590e+00
-1.619940442205985542e+00
-3.098341385509486567e+00
7.104366315233652251e-01
1.664199690600906223e+00
1.774828009474392232e+00
3.356543850114474647e+00
3.601892873946865414e+00
-2.774995847405297145e+00
3.866120634817411084e+00
2.279392016367373097e-01
1.060076962567692238e+00
-5.619013131059135802e+00
-1.221750030342641180e+00
-2.389775347748896994e+00
-4.945810831819725806e+00
-2.796703353127739655e-01
3.550764045895440812e+00
4.255815819697804869e+00
3.549304559889353339e+00
