-1.050975016985220556e-01
2.438899333650521140e+00
2.098258985221059802e+00
-3.552771410474943048e-01
2.706225050174199787e+00
-2.986028360778553825e+00
-2.895930256181540319e+00
3.799890786419690691e-01
3.140135555295711978e+00
4.722967848888259823e-02
-4.219175613037631223e+00
-4.559995098856439277e+00
-4.108620605035998352e+00
-4.109542067148700184e+00
4.867871846032425509e-01
6.707885872408795969e+00
-4.493553028964864637e+00
1.875564956102115044e+00
-2.336024090472055281e+00
-3.904535456605596089e+00
2.891702365980937550e+00
6.561127600909656188e+00
-1.521444873642040285e+00
-4.041798403627231417e-01
5.712394219432919584e+00
-3.512993323840624793e+00
-1.463089263703187370e+00
4.790314680970646499e-01
-2.065589030667706272e+00
3.163240824988343913e+00
-6.196457515903589730e+00
-2.565584262391197523e+00
3.039529362412559665e-01
-2.815904815117826754e+00
-2.289061239507872436e+00
3.992196207239587791e-01
4.651747030022745477e+00
-9.891705450203970296e-01
-4.798500265294858735e+00
8.118004984312302552e-01
2.568186276933461354e+00
-2.554641204114997066e+00
-4.096920001270188294e+00
-1.189410433081648399e+00
-4.053290594569555760e-02
-8.509416906499946975e-01
-3.736205574569856136e+00
2.997367362537780577e-01
-1.691648459842975960e-02
2.140895507503362438e+00
-1.229621541498679971e-01
1.179827025820891606e+00
-1.549834628299098238e-01
2.794019731006989193e-01
3.902214340161378470e+00
3.241674437915160745e-01
-7.595717762743448009e-01
3.194216419390953909e+00
9.564402123887696394e-01
2.767606917590835103e+00
2.779554080773873448e+00
-2.391791459852020907e+00
3.664127435647944075e+00
1.012012801497373049e+00
-1.422581207416206972e+00
-5.754542213742830370e-03
-1.818328911799625969e+00
-1.956483074194836469e+00
6.363918576689944206e-01
-5.265576882498459454e-01
-2.372229412444325281e+00
-2.621285664261563397e-03
-2.365976259644471114e-01
-2.862554415846839007e+00
2.287990337736360846e+00
-3.150240228673972354e+00
-3.149084487373040364e+00
5.618066347348684708e+00
7.391138589024185412e-01
6.827017556323182745e-01
-2.704631109850486936e+00
-3.063295847513122450e+00
-1.948971433391694763e+00
5.928318731296391420e-01
2.169166629926828627e+00
7.788140546896205052e-02
-5.736684648392469388e-01
-1.417226346096517986e+00
1.149579729077948587e+00
-1.411194330583553924e-01
2.311005325058628213e-01
-1.346556362920059868e+00
2.050197902524946603e+00
-2.181901446454250770e-01
2.286695540552324601e+00
1.755484626087775002e+00
-4.517235497420394097e+00
8.147114391422876079e-01
2.007648938605091082e+00
1.609100655086344034e-01
1.351962968373917828e+00
4.613047298850827538e+00
8.423041769191301764e-01
-1.099445005223437910e+00
-1.146215993503796771e+00
-2.605828644071854328e+00
-2.875711568259188944e+00
-3.679467854238178681e+00
1.450252902948866662e+00
-1.273737546228669526e+00
2.274584703918830719e+00
1.573811436981152667e+00
2.143591422700529048e+00
-1.499503123809515337e+00
2.512769532029568986e-01
3.704047827787901426e+00
-2.094388894765802700e+00
-1.872442597939007358e+00
-7.361904858853282052e-01
2.359090722532008577e+00
2.630861225849634444e+00
4.760368391501503815e-01
1.364655588702635036e+00
1.100511117829301666e+00
-2.116145984049885520e+00
2.003229006693870051e+00
-2.383324565539868267e+00
-1.310903799980113860e+00
7.410076697509178523e+00
-1.148877805881070913e+00
-7.037269555755800710e-01
8.130886514875077520e-01
-2.894922989763907939e+00
-1.330815680589385153e+00
6.240956736034236840e+00
-2.023279806118627899e+00
3.156707007500299422e+00
7.142082262538647086e-01
-1.871535166233732284e+00
9.689282879299050411e-01
-4.876832154468360159e+00
4.125150218037444638e+00
-1.418019521644078740e+00
-1.730843148641321994e-01
-2.431108264288132759e+00
-3.844059150086018839e+00
4.614159657400254133e-01
1.686246844389404975e+00
-3.337964173006394475e+00
7.773248212137010560e-01
2.170112241958841448e+00
-2.790743270969010759e+00
-3.458059089857032919e-01
1.129420129760518865e+00
-2.179920607058645210e+00
1.678074379767512836e+00
1.834199563248475551e+00
-1.304166032508122797e-01
-2.439491668563521509e-01
1.408501982002376973e+00
3.455327313572604808e+00
1.676124878050193834e+00
-2.076410535184771256e+00
3.183233967059044267e-01
-1.501979800120034625e-01
-4.018612442078130620e+00
1.188379791220532944e+00
3.773561822525266507e-01
6.865942203733135241e-01
6.562957469321158976e-01
1.182580879591982326e+00
-3.644777423188386489e+00
-1.176763734088054347e+00
-3.236026956935233567e+00
-3.678985064013431394e-01
3.687681452202232202e-02
-1.990146185442076776e+00
1.676616020152037922e+00
3.609747414543026167e+00
2.333237953341495086e+00
-3.134597068405981179e+00
1.157398598962472658e+00
1.321849706095589383e+00
-2.820879336107722235e-01
2.099934074810648532e+00
-2.092657103748099434e+00
4.349872238793188295e+00
1.264577855554530839e+00
-4.904410368538802523e+00
-1.252445097988658107e+00
-1.807263540547001446e+00
-7.498541425885449918e-01
-1.050172900166710388e+00
2.505624129235690667e+00
2.201191072991122155e+00
2.255678990359760716e-01
7.816681732435739605e-01
1.415618840569394132e+00
-8.088452053767026584e+00
-3.521834785822609337e+00
-3.202300897631118026e+00
-1.969266281983941047e+00
1.375184016066934189e+00
2.098972325883297074e-01
-5.575315809986296500e+00
-1.511094977102456216e-01
2.709269038434470644e+00
-3.758799830242133488e+00
3.393818435849242920e+00
2.352128470455468801e+00
7.890482272693774002e-01
1.418121018051737181e+00
-3.055766972809021542e+00
1.893589591710563624e+00
-4.573299431756889799e-01
-1.952016886315788069e+00
-5.103661540559079057e-01
2.965748808758012167e+00
3.800179338109266780e+00
4.623117169303623264e+00
-1.291497425562321277e+00
1.428873672528874428e+00
-3.527669740769607265e-01
-2.146235357810491351e+00
2.456574264630345894e+00
-1.158042146383336135e+00
2.417361034532479636e+00
2.174969372802483036e+00
-4.874192196480380268e+00
-2.389726291328419627e+00
1.696733767257225800e+00
4.022489021647416507e+00
2.536020094709463990e+00
4.258843772089975666e+00
1.703517133333352085e+00
-3.130195889042426405e+00
3.875146519830027225e-01
1.091390020986505505e+00
5.324598079096301895e+00
4.883349274903058257e-01
5.965182924594415681e+00
-7.146734265420180421e+00
-5.486585977990778851e-01
-1.414662174585861187e-01
-1.582133379667379103e+00
-9.395668796736023065e-01
1.979065179861733137e+00
2.962774225110991644e+00
-1.526459706690070917e+00
-2.722961143063825418e+00
-9.948711847823288323e-01
1.036050723096358039e+00
3.890655513625989492e+00
2.475784853488562476e+00
3.148588743681800750e+00
-1.018196931207906664e+00
2.467233485746090249e+00
4.207339071941769149e+00
5.700723430189515994e+00
3.737606204232186258e+00
-4.373988221542080446e+00
-1.388777728817065071e+00
-1.513869038922816657e+00
7.463964423684912308e-01
4.202622327666186486e+00
