-1.488397909038042588e+00
-1.712411320930469216e+00
1.703764361632918778e+00
-6.485868776176553219e-01
8.625421970791087301e-01
6.608443879265900600e-01
-5.348453616298781688e-01
1.435982597049902498e+00
-8.385534932239471217e-01
-1.455837801475036386e+00
-1.591585388758320008e+00
2.295377527512124427e+00
-8.960608568427217424e-01
-1.442500143768251641e-01
1.540936006366218747e+00
1.063345126965405507e+00
-2.168756615889444905e+00
-2.842174172386473074e+00
-1.272363836190085085e+00
6.144398896020015766e-01
-2.102855997061535476e+00
3.192702301768868267e-02
2.371542880261165109e+00
-1.958468956584791920e+00
-2.120191274557093664e+00
-2.617832769946749849e+00
-2.064019226076882485e-01
-1.981784193503871805e+00
-1.017736425119140087e-01
1.703371341282897689e-01
1.923339284036008179e+00
-1.572474182628647021e-02
-1.919741139735720692e+00
1.930570881060965194e+00
-2.761000701434699778e+00
-5.216661015403101231e-02
-3.149557340231164737e+00
1.363929837316220972e+00
1.491670761075836182e+00
1.653004073923653561e+00
-1.068682627356677406e+00
-2.358912543619983815e+00
-1.941791444348037299e+00
1.777120011459000448e+00
-1.046045524793372872e+00
-1.795319879670441710e+00
-1.592848310640805121e+00
2.453870143506204471e+00
-1.911924112294986378e+00
1.095167942230780733e+00
1.708056668856807070e+00
-1.698008135883362302e+00
-1.741285984180893198e+00
4.615386214035810397e-01
-1.273333892302694892e+00
-2.685141291952394926e+00
-2.330269074563213749e+00
1.682595993456063255e+00
-2.687328398798260576e+00
-3.079339883125213007e+00
-2.947802627082562132e+00
-2.276158885058203740e+00
1.999898196033989883e+00
-3.279761345647372650e+00
-1.901431099983676098e+00
2.489401495185907809e-01
1.256677488017332145e+00
-1.656251199527613238e+00
-1.504614673454538254e+00
1.744274545089164796e+00
-1.664847065796222214e+00
-2.370904942071836885e+00
1.908924242974624708e+00
-1.597605078707661885e+00
-2.434787182303214337e+00
-6.247675035530350085e-01
-2.151470453966048080e+00
1.148787717690604948e+00
-2.453677976990302767e-01
-1.621237006547611825e+00
-2.514503343877407371e+00
-1.076149453199323869e+00
-9.165294719346759322e-01
2.127075647903484690e-01
2.062306511552837840e+00
-3.174866446224138716e+00
6.175778667108497988e-01
-4.631450502226471810e-01
1.487302872513461161e+00
1.602656062312304508e+00
-2.354367993157521433e+00
1.619283628318899604e+00
-1.482479640880822291e+00
2.064205167219713033e+00
1.623495920228918976e+00
1.235847063645041377e+00
-9.989484881066885702e-01
2.112141121668490662e+00
-2.691905720678746672e+00
4.951242425324631213e-02
-8.451265566261745299e-01
1.270342910963168759e+00
-2.747615664713782824e+00
3.079264572999834915e+00
-2.369055786168618560e+00
-1.890140360236586270e+00
1.520327308849760417e+00
-3.269723215137721795e+00
-1.708968882814264623e+00
1.737896245448843358e-01
-1.175603408243510728e-01
4.163716997592326052e-03
1.491065818181213753e+00
2.622487735925057795e+00
1.552455364677308935e+00
5.605812014659190545e-01
-1.771140421104336227e+00
-2.124638676207692090e+00
2.585121956610156424e+00
-2.100383522319072827e-01
1.582493341733357317e+00
-2.759801507177861879e+00
2.427373544673852468e+00
-2.744234947024553950e+00
1.420398862599082879e+00
-1.590030922086166587e+00
2.531809408434106956e+00
-2.029131214902425207e+00
-2.683416575878443844e+00
-2.514955990817867360e+00
-2.120421997817245163e+00
1.172783455457530266e+00
-1.664406563941131401e+00
-2.149204405373487781e+00
-1.804752757818723463e+00
2.057651775639504521e+00
-1.726659150454503022e+00
2.519171890726245699e+00
1.822984609660019961e+00
-1.937122855965123680e+00
-3.346762544904896330e+00
1.463349948271986278e+00
1.396074687120242297e-01
1.877567271320853104e+00
-2.215730991567195218e-01
-1.308716966455988562e+00
2.141207586052856549e+00
1.885943687516055123e+00
-1.901938099105165092e+00
9.621117007016366518e-01
1.800323876142780222e+00
-2.122808180767784769e+00
1.506339788771139165e+00
-9.367860560518890267e-01
-1.906530000825599869e+00
-3.338228381272880796e+00
1.618801371152548851e+00
2.456091999040496354e+00
-5.486093200612689458e-01
-8.457974256004388014e-01
-2.164809223479179590e+00
-1.598918804436019636e+00
2.167456406345469766e+00
-5.834170467427113316e-01
1.926033598571987859e+00
1.477710998611228232e+00
1.232767431778522882e+00
-1.588509427163740551e+00
-1.140197922167428102e+00
-2.345854938991996930e-01
-2.109395732799415946e+00
-1.964141011213259125e+00
1.442259875213152354e+00
1.192351253139842582e+00
-2.117488061290510704e+00
1.465210789911289169e+00
2.077813213090978550e+00
-1.639139919764526221e+00
-2.298707653557630515e+00
1.431705054238930019e+00
1.252286692044639160e+00
-1.551282134846758254e+00
7.360405784219929970e-01
1.276194634764028724e+00
1.704200726906791585e+00
8.437970812917706676e-01
1.437848817663562873e-01
-2.035279407800217655e+00
3.296167459460734861e-01
6.442137515513060020e-01
-1.738102046242131493e+00
-2.747098323274221876e-01
-1.005517413084553002e+00
-1.521722331284395269e+00
2.375330800836691125e+00
-1.645838580936654472e+00
2.078713845119653847e+00
-3.143005933467848401e-01
2.538069571185077145e+00
-2.180716865178578878e+00
-9.216962819781862049e-01
1.516976678502142351e+00
-2.218482167570763330e+00
-1.563663278902696518e+00
7.141030189333431588e-01
2.535074402919335501e+00
-1.227580389145866979e+00
-9.317916782755557570e-01
7.934074558564592206e-01
-3.041879039083258629e+00
1.849884430897233090e+00
-1.633742367308649079e+00
2.497388537962205390e+00
7.839348130938084136e-01
7.792866264914894980e-01
1.247538213678496044e+00
-1.259058873084442087e+00
-2.384220092550556558e+00
-1.467303738839382365e+00
-1.878478908370641576e-01
-2.143171693200930150e+00
-3.844271975056077206e-01
-2.600589669562136219e+00
-2.106245511464515996e+00
-1.827913543433364207e+00
-1.565800917063044917e+00
2.249049419208096978e+00
-1.377464543382133977e+00
3.907997073774487351e-01
2.389070862207723689e+00
-1.956515938190071413e+00
6.818134659881492921e-01
-3.451377614650731340e-01
9.666621308326026618e-01
1.873670240358501937e+00
-2.209922473072237548e+00
-2.081532709502485368e+00
2.361142860913170161e-01
-7.939546937946702077e-01
3.175630472400484905e+00
-2.674143688696757337e+00
1.522053192647513598e+00
-1.464163634785400347e+00
-4.823007964863139097e-01
-3.344705835847069153e+00
-2.104925294678108294e+00
-1.938338984127964570e+00
2.017203120358222801e+00
-1.259165163306686930e+00
-1.258381061775052157e+00
-1.905114968635298833e+00
-7.452384700933960548e-01
-1.632407951642634414e+00
-2.524671141672508945e+00
-1.572347959152836205e+00
-2.772909554510258445e+00
-1.155674229780196516e+00
-2.281541228212056183e+00
-1.649029281355989029e+00
-2.433108847738444602e+00
5.631126863323214771e-01
-3.056451287721721144e+00
-1.899284592067662869e+00
6.718999039694479869e-01
1.175856541555932777e+00
