8.430529055176305686e-01
9.361747719976087012e+00
-1.424105201893216543e-01
-2.465781835832344893e+00
7.138405788976902588e-01
-5.113598721614733833e+00
-3.079175803004249090e+00
4.688381657112261180e+00
2.835267223313743035e+00
1.695997703750876662e+00
3.272599332810150585e+00
-2.116115583531105848e+00
6.735368147392724936e+00
-2.024604500827517306e+00
-2.141378164575899135e+00
-5.208192033807093502e+00
1.269741817417378016e+00
5.748958110095824026e+00
-1.616205126111757817e+00
-3.636112618983957656e+00
-4.846948583875743566e+00
1.823189571003580811e+00
-1.003368743545982600e+00
-4.363732820615086716e+00
3.977363186306528853e+00
8.673491054686826018e+00
-2.152023931827149017e+00
-7.378257306755873657e+00
3.422376598705010764e+00
2.509912461224014901e+00
8.310058074176174259e-02
-2.033764363037697365e+00
6.353831147763568943e-01
3.593732369306144037e+00
-7.535851400436698988e+00
3.799343099410237734e+00
3.783153616589649548e+00
1.010158433773156794e+01
-4.599914640395891041e+00
-5.799885368570430799e+00
4.126459483975145837e+00
4.113747236914688798e-01
3.461063257437846374e+00
-3.204957535876083341e+00
1.171884092066247662e+00
3.168837245619074316e+00
2.145876516555957014e+00
-4.269021790093507462e+00
-8.495940816972563425e+00
-3.572075838008822224e+00
2.110600204707921090e+00
1.032388868689945838e+01
6.385508888892852397e-01
-1.817034087056434100e+00
-3.959294266676355090e+00
-1.753094271746430843e+00
-1.274745538196218497e+00
-2.330776362796079582e+00
1.647848231671284469e-01
7.882020268951021258e+00
-6.734158746599738343e+00
5.668103843540310827e+00
1.410857952072256116e-01
-4.828523117579425872e+00
2.503166759147616993e-01
-8.638962275023930326e-01
1.327172611576159955e+00
-2.508387035706513224e+00
1.679879015374204032e+00
3.600884339943887014e+00
-9.736874299514188813e-01
-7.258356878652175936e+00
-1.568001962136102545e+00
2.929288279656914185e+00
3.945616640394355557e+00
1.262872131713298707e+00
-1.870386031307183172e+00
-5.737708737570255124e-01
-4.875001815612056255e+00
5.058685168123915332e+00
5.505027333924875421e+00
5.483401358155241212e+00
-3.724885789745455256e+00
3.048293480190430227e+00
6.111458844256029366e+00
1.637375452627347627e+00
2.286811228872130286e+00
2.159993610366483185e+00
-4.988435359337142216e+00
1.486925389646939877e+00
2.143652779947684550e-01
2.522972263249895208e-01
-4.568439445937011456e+00
-1.574554155360174068e+00
2.618153235992368266e+00
4.152437758184142069e+00
3.917731320087285862e+00
1.415477722374303138e-02
-2.679187970097570037e+00
8.216564646103115876e+00
-2.210153617757118383e+00
-4.907240474536697761e+00
-3.437272974671508941e+00
2.690236159974989327e+00
-2.413588785733243647e+00
-6.384722911103916765e+00
4.045947044171155360e-02
2.846641743857544427e+00
4.996753175716096784e+00
9.367135377060484824e-01
1.834945154628215391e+00
1.518774727466209562e+00
-3.228149226074790157e+00
4.139246681023978525e+00
-3.507908311392338163e-02
-7.952456153897364821e-01
5.794269061761180950e+00
-5.753444989012865829e-01
-2.313923705882316995e+00
1.950601281248686369e+00
-6.357522567371082012e+00
-5.665593157399820834e-01
-4.827848994316220832e+00
-2.660737669555173213e+00
-6.772113728021704304e+00
-8.374908403556801773e+00
1.776135636956723385e+00
3.365824654350316969e+00
-2.933334001565686577e+00
-5.184160870731348680e+00
-2.713615364110667283e+00
-8.259647741983355829e+00
-5.041240823689651762e+00
-1.871948187140684672e+00
-3.255822414866718972e+00
3.504918285806354117e+00
-2.693984018387911128e+00
-1.677969473538830636e+00
7.786819396729677933e+00
-1.875870286574109480e+00
8.394748086224968375e+00
1.071670495372061271e+00
1.824691603008918861e-01
-5.511943807825485209e+00
-2.923110405211036156e+00
-2.639571152145498978e-01
1.323044227643055848e+00
7.832697975737579199e-01
3.221940522755537994e+00
1.349573754386645064e+00
-2.338441435636905652e+00
2.393200242651117637e+00
2.759612761373619882e-01
5.693205068752859255e+00
3.830152455430799741e+00
-4.401269838769936715e-01
-2.522840814160492329e+00
-4.019120560496516781e+00
1.088671190233473318e+01
2.917784556176062249e+00
2.031292463378947755e+00
-2.127715488483319373e+00
7.177191839882184343e-01
2.821126542534484472e+00
4.097750750649462148e+00
2.084091404010162130e-01
-5.771074044285070315e+00
6.426927158046241040e+00
4.890580629706625437e+00
-3.052855386351929212e+00
3.890740941856977386e+00
-2.150194965579594886e+00
1.704502949891849806e+00
-3.570535397838209279e-01
-3.578946570382820269e+00
4.296105828360052392e+00
2.549446760042422433e+00
6.160500274521193198e+00
-3.946993213280983515e+00
7.999892819892009399e-01
8.301708487222708044e+00
3.026881071299754589e-01
4.664041848056321715e-01
3.222188708566819493e+00
-1.308536390360282020e+00
6.389853230783382187e-01
8.526971697217844426e-02
1.779087989602148312e+00
3.118099412486454280e+00
1.643465466712728418e+00
-1.302248475648983828e+00
2.201036022060173458e+00
-5.319278980327210249e+00
-1.951831392070162874e+00
1.008270639064400509e+00
6.475052029410818477e+00
2.223173247098206851e-01
2.840792571215483009e-01
-3.990356300489544594e+00
-2.034427189130073366e+00
2.657880003140070890e+00
4.670070599644853715e+00
-3.174186435776588766e+00
1.993142459388184129e-01
6.251281351523700458e+00
-8.772575735058851798e-01
-2.624755928767862123e+00
-2.341678168517048242e+00
7.644175993070598807e-01
-1.232398035991237872e+00
-3.020683517806257878e+00
-4.579113610384917266e+00
-1.430304100410208612e+00
4.081666474871846972e+00
4.236827606984401307e+00
4.068108964207905132e+00
-1.033536540184004204e+00
1.125637822348752870e+00
-3.480067546856799865e+00
-1.606758250236171914e+00
-3.450166380293616886e+00
5.580186612674753022e+00
6.629424116201652950e+00
2.563113066919206595e+00
1.716475812384692157e+00
5.238434991414201214e+00
-2.502111850804684678e+00
-3.189372831963025678e+00
-1.927954967372385475e+00
5.491741495063305223e+00
-6.945415122525799845e+00
4.927738513665365971e+00
-6.211978608005027880e+00
-8.505340096068827904e+00
2.857974187426552959e+00
-8.960533498334983804e+00
-4.622862539755119293e-01
-5.067982128694215049e+00
-3.015773916258468468e-01
-1.744161345918337158e+00
-6.580798755415655954e+00
3.854109972001163342e+00
1.923444733727086131e+00
5.305472481700179710e-01
1.385164972193374755e+00
-2.811428582477696558e+00
3.618989487543431416e+00
-3.158691982496347972e+00
8.857749497019451468e+00
-5.117598864782639367e+00
3.624273468280455379e+00
-1.803074266609056675e+00
1.034486682866166296e+00
2.751470990612301826e+00
5.736462980761959152e+00
1.888560129878164462e+00
-4.175964390419944827e+00
-2.783149870253710745e+00
4.247209352019124751e+00
4.939322794351937773e+00
-6.856717283314650579e-02
4.684255250767562773e-01
1.737464821083095856e+00
7.314079149441574224e+00
9.692348492240021596e-02
