1.149501337789297528e+00
2.233355493721652096e-01
-9.117695774683159948e-01
2.794421349266429933e-01
4.264122999323133989e+00
-3.212023836606343608e+00
8.926697692624329106e-01
-8.267374361873282007e-01
5.214427745212553145e-01
-1.811772804195203035e+00
4.267760018717372539e+00
2.717259992040023775e+00
-4.035822054960755967e-01
-9.690738423777192523e+00
-8.886393592859946899e-01
-6.302102368443283087e-01
4.474766611028688779e+00
2.168064444250560108e+00
-1.749914463329581560e+00
-3.895261091737836967e+00
5.441620423279959873e+00
-3.223834132890894377e+00
3.865497502300758725e+00
-2.307257510841976833e-01
5.319656217573604629e+00
1.022851644412977157e+00
-1.391057977881085872e+00
-9.190156923689377422e+00
-2.868379715951300257e-01
-2.851563333001648992e+00
6.224581368876524579e+00
-2.860804562336237034e+00
7.058968715183127962e+00
-3.821402703705009785e+00
-2.427788655075771018e-01
1.083086969718801251e+00
-2.355883277516581664e+00
6.726884182051262151e+00
-3.022820805836744285e+00
3.168038837822860776e-01
-3.836537474428221461e+00
-6.971476627437576568e+00
-3.286985185292291334e+00
4.576367110482499001e+00
-1.686414084341339104e+00
5.290266314377313428e+00
-1.422672829945311079e+00
1.701584223936935425e+00
3.390494006990841247e-01
2.549621136098546348e+00
-4.510426762855730409e-01
-2.941070383470552940e+00
-1.349590039874292158e+00
1.881406798814710069e+00
-1.445736186837758730e+00
5.387459786049117128e+00
-3.847392046099453289e+00
6.159933688121101980e+00
-3.708751302961990515e+00
1.249916696628877499e+00
1.721666918911446187e+00
3.693812356162230248e+00
-4.947694091068758127e+00
2.846093093640913452e-01
-2.396089105595466062e+00
-4.676988151039935815e+00
-3.435171110871966249e-01
-6.038404492403729451e-01
2.963083308428092533e+00
4.196411876572149757e-01
3.122531079057991654e+00
-9.543018892055906699e-01
-4.310415952955305663e+00
-4.502581941370708662e+00
8.351402264775777962e-01
-2.564691824854458346e+00
-3.342133170875991599e+00
-4.155318312615703391e+00
2.726840177829958911e+00
2.498428686334377424e+00
-1.024347488771059300e+00
-2.405173812207931139e+00
-4.024460532435765736e-01
8.513958210842895724e+00
2.690362864500868589e+00
-2.406914800686319023e+00
1.252051030010669530e+00
3.240134172292020054e+00
4.457924077393544682e-01
9.538254376000256940e-01
-1.213281067243351830e+00
1.932498111887156034e+00
4.592238036301840687e+00
8.583067668060731847e+00
1.722741828650117712e+00
1.135071932454363441e+00
5.402670443050059390e+00
1.916372118071174580e-01
-1.889044920287227480e+00
3.039477957218109871e+00
-2.908711604983759802e+00
2.554647926202254560e+00
4.404229002263859716e-02
1.090824424561180450e+00
-7.916566326801544484e+00
-2.470104071998601380e+00
6.547010182808702616e+00
-6.485325803051593674e-01
1.109520505526040868e+00
8.791242946241142331e-01
5.135776243583155543e-01
4.001888199386155698e+00
1.726692344910360610e+00
4.431252312556593687e+00
-2.678858335621792541e+00
-8.242069154696426425e-01
-2.703275850259035717e+00
-2.106606493605247543e+00
2.013596478099268783e+00
1.718344865861238802e+00
4.375388305060551986e+00
6.783804209380076777e+00
7.955282791995822445e-01
-6.560536297431672104e+00
-2.017051035204123210e-01
-1.420914460620847919e+00
1.961805506579652247e+00
-4.200120669103871052e+00
2.148339962075669352e+00
-1.377425141990220592e-01
9.441634465410622123e-01
9.450208544319527171e-01
8.101420058265477175e-01
-1.714716678315978182e+00
-5.044847177415758388e+00
9.947578347687162648e-01
3.475743868075832577e+00
-4.727593997395562297e+00
9.905415901053326033e-01
3.235055360983519979e+00
-2.227995925292407531e+00
1.466864277745382195e+00
-2.827287583927950987e-01
3.595399912990612012e+00
-2.717161482437260744e+00
3.576673541903327980e+00
6.237728278235425972e-01
-4.673268989468694734e+00
6.288437308953864324e+00
4.632368761603893326e+00
4.098994438662035833e+00
-3.735696371426097784e+00
4.771359411967719399e-01
1.809567604764402926e+00
2.123117662926992999e+00
1.063808857556745924e+00
4.881390198327515861e+00
-7.704959267467720307e-01
1.987887388481656803e+00
3.276465564805537856e+00
-1.344561057066116616e+00
-1.780731969621212274e+00
-1.274208145663454861e+00
-3.651059097257428832e+00
4.321547929168363389e+00
3.086352466518281767e-01
3.283646747322176651e+00
5.541172462741148941e+00
3.490221072205900832e+00
-1.522503256044813957e+00
-3.270781492798689349e+00
-4.412980072447177271e+00
-3.784334058572019988e+00
2.769217286926400234e+00
2.268454971541681076e+00
-8.113854682573675703e-01
5.986336440842878748e-01
1.977288870479363969e-01
2.630444556249718957e+00
3.704185666050331616e+00
-9.592347956155760080e-01
-1.755067816107574119e+00
-2.231475484063328629e+00
-3.363770070221956843e+00
7.772580237961840055e+00
-1.115484087718944028e+00
-6.899501451682412245e+00
-5.090034016720592192e+00
1.747056814019666504e+00
-1.532083941528659121e-01
-5.650663778654961611e+00
-7.107899984418279971e+00
3.604092513658038399e+00
-4.684141128785388020e+00
5.306414737816919747e+00
5.355817418988674028e+00
2.805185644802823397e+00
4.239325260860034916e+00
-2.008352192866253993e-01
5.313143507586610248e+00
4.822366885215367827e-01
-1.770175389883029471e+00
3.340598935343128684e+00
3.640306948797113584e+00
3.329277840124871268e+00
2.546113296338234910e+00
-2.760048165698162359e-01
-2.573099355742978211e+00
1.648785682101875150e+00
3.414877755485030697e-01
-1.040218987229206693e+00
-1.782817119162053210e+00
-2.554444366599553540e+00
6.268095908561682528e+00
4.520986208823478236e+00
-3.881047186850925534e+00
4.997025171091419971e+00
1.222988994046091626e+00
-2.528836356649915906e+00
6.390071208526267865e-01
5.603503092767672555e+00
-3.588748645219272948e+00
-6.134453971364115077e+00
4.526000166239111167e+00
-8.819248730733040276e-01
-3.258067551270998674e+00
-1.065619817464993069e-01
2.693704180015234151e+00
2.201024102146698525e+00
-3.504050587834974806e+00
-5.326578284754803327e+00
-4.401247793290098187e+00
8.694512496786728661e+00
-4.359802289287883603e+00
7.947266147266717873e+00
5.083857066811945380e+00
1.681783898218896844e+00
4.216443936307818774e+00
-2.335106016862455114e+00
1.938949293901153226e+00
3.668536829516037212e+00
2.269172419985290290e+00
-3.007484589912211348e+00
1.907719617936699308e+00
1.817655034128651703e+00
-1.847046348516948822e+00
-1.967140140678388160e+00
-5.236531613189598033e+00
-9.995989126281510373e-01
-5.370990545427157592e+00
1.944605734161792832e+00
4.671197547978472864e-01
-3.584069123359838294e+00
-3.619280640793923087e+00
2.489611337057776819e+00
-3.145105410995872930e+00
4.570554923268909775e+00
8.443897838895725982e+00
7.868645397721529378e+00
1.788917761573372012e+00
-2.048901856001243083e+00
7.078804361628170838e+00
2.344300237568770484e-01
6.246221249322443825e+00
8.701923204882518803e+00
