-6.957184856513608295e+00
3.690987679800064036e-01
-4.058791507963218415e+00
-4.708752525100459607e+00
3.600117542877916410e+00
-7.472970742272171396e-01
-1.814551140307125277e+00
5.105612140478209326e+00
5.029115853043636619e+00
-1.091313872535336849e+01
-1.735301100759188531e+00
9.152740743385038513e+00
-1.568041697778999044e-02
4.283979452996382609e-01
6.996243371868137828e+00
1.050290502641975010e+01
-1.350404357659065857e+00
7.277149511321983510e+00
2.847304854235279681e+00
1.003456204660861140e+01
1.927150234254124239e+00
-8.859170043659800875e-01
-9.790840399335040800e+00
-6.776747547412242056e+00
8.874906160957079848e+00
-2.642005579308566610e+00
3.668827265891311473e+00
1.266076040331974406e+00
3.782318219779167379e+00
-8.225740764136167726e+00
1.744064550017118354e+00
8.568857033857106842e+00
-1.309415534881307019e+00
4.918281011886956655e+00
-2.016557600998084787e+00
2.311569972241452220e+00
6.613821033252911263e-01
6.629618612357897511e+00
-2.290824475364646950e+00
2.287024823372222571e+00
9.460763778533994639e+00
1.869069821055607372e+00
5.529031619052942048e+00
-9.051452512243770343e+00
-6.314658143923475464e+00
3.962911625813896777e+00
1.072708063524541089e+01
7.949098348973460126e-01
2.882633589016516673e+00
-2.924680318956255576e+00
8.960999292539870709e-01
2.247250076949325326e+00
-3.580750052529007021e-01
6.275346740234541087e+00
-5.608289851424188122e+00
-3.104576678864046535e+00
8.118888810252252952e+00
5.283367629421936940e+00
-4.193540190058064887e+00
-4.330048872630917423e+00
-9.021026338229113151e+00
-1.746211690353306256e+00
-9.610437664474481778e+00
-6.880430173963908658e+00
-2.537932028328468981e-01
-4.746738647470713168e+00
-9.715346289075272423e+00
-2.245682600832688003e-01
9.408577803613153989e+00
1.822353320371213670e+00
7.040258627819320214e-01
7.215430735720205213e-01
-1.400658090917746845e-01
-2.595917398384410824e+00
2.132625997365315662e+00
7.518667690645961521e-01
2.101202895925220471e+00
1.620972500614398903e+00
3.487232384113354566e+00
1.966309403065801042e+00
6.833644047546975742e+00
1.110793875622399796e+01
2.663786688689578686e+00
3.995212373782128346e+00
5.627069149993463526e+00
4.619303988913578074e+00
1.419211386074402226e+00
5.221046673945018313e+00
-6.186878092428887754e+00
-1.441838715360943768e+00
-2.850564970463240311e+00
-5.600907530233920184e+00
-3.595029007568688151e+00
-8.279442021212840785e+00
-4.150229201560913239e-01
-3.359276044468303191e+00
-6.791377894177347052e+00
4.440493329288043078e+00
2.354009363429071744e+00
5.782847050973563441e+00
-1.653391512725663315e+00
-1.053009065353094353e-01
2.334104744282131438e+00
-4.974466300962552268e+00
8.512541443985157663e-01
3.230536163633630053e+00
-3.862879251636334832e+00
-4.180202218923400714e+00
5.903894949246525137e+00
-7.521817066572157984e+00
-3.425494640541113966e+00
2.626306592553348196e+00
-4.162113635884850282e+00
5.974515690101428689e+00
-1.469338030400795470e+00
-1.543607097807713213e-01
-9.248775697028308596e-01
-3.018708007169637497e+00
-1.644493428224808707e+00
-6.045344716961589704e+00
4.864673462097131029e+00
-4.789321067534213938e+00
5.940914742448492269e+00
6.863906443495698007e+00
5.648643867807652263e+00
-7.097701324509882781e+00
-6.511381586023254897e+00
-3.915046639425899588e+00
5.468706587620151716e+00
6.032598029060913802e+00
6.613438711689552996e+00
-3.952219531002290509e+00
-6.777232549306265952e+00
4.844442458479468527e+00
-9.138934322783558883e+00
-2.562129963743119632e+00
-3.521526179553914560e+00
1.596547928900124980e+00
-2.409324443148104677e+00
4.233365355825423393e+00
-5.941719174684988225e+00
-2.691089833482797289e+00
1.020438972316672377e+01
-2.019373511518710806e+00
8.107544344494471034e+00
-9.160939702721318412e+00
-7.151182742969604433e+00
4.362661430414127572e+00
1.503764214182656378e+00
2.290320493841105698e+00
6.361405044347026916e+00
-7.439340050010175176e+00
3.693096651524113039e+00
-2.794748514636012704e+00
-6.595824597879690110e+00
-5.922367575140413010e+00
5.660740720395086356e+00
-5.391876719583748034e-01
7.503820760438660642e+00
-4.658373865386797874e+00
5.321279382931537683e+00
-4.566818181523911946e+00
6.426039561785195531e+00
7.191823003727190411e+00
3.965999644000490321e+00
8.291350706476250387e-01
2.463222366696315557e+00
-5.379878260138703183e+00
1.949977600041565395e+00
6.538578802654928523e+00
-5.454292224980323844e+00
-3.497735468004034232e+00
-3.988565206675207975e+00
4.468884864481094787e+00
6.516227255545665287e+00
-8.224566956694809861e-01
-1.517658830791894564e+00
-4.300958687156316351e+00
9.460071442631323713e-01
3.125778051654326539e+00
5.695876099315198005e+00
7.692582903386425919e+00
-3.252514078641111972e+00
-6.546360449951933447e+00
-2.237089324474419882e+00
6.852349022225876496e+00
-3.828692988366245054e+00
-5.420953741625275768e+00
3.233807086225408689e+00
-5.391695586478286728e+00
2.464692130160993422e+00
3.333451251679379723e+00
2.415737313782832185e+00
1.131351880795046783e-01
3.546816623807027113e+00
-1.989027139688976487e+00
2.669274126800472935e+00
-2.325857848148533247e+00
2.888573977399992998e-01
4.417173637777009887e+00
-4.962634322626590766e+00
8.005152140571626163e+00
-8.775297565887369977e-01
2.468050708366835266e+00
-5.659336987311427869e+00
3.901583771523696065e+00
-6.428183527670563002e+00
6.209441179407766853e+00
5.149635666349048790e+00
8.532487849376170885e+00
-5.501639675845069632e+00
3.692200828023691539e+00
6.296773331731246870e+00
4.320777513837628092e-01
7.596514785170473516e+00
6.473969662282661020e+00
6.372513033439227037e+00
-5.401356872987230773e-01
5.094495526276465736e-01
-1.719895077606020672e+00
-3.586613143355954492e+00
-5.541922376922665983e+00
5.677439375909798969e+00
-3.464868709163644311e+00
2.609436193438175788e+00
-1.599062324993679951e+00
-8.836962704867357132e-02
-7.359934513991260197e+00
-9.816310607293917911e+00
-1.019416600351758717e+01
-3.845880439290987329e+00
-4.217782130897409942e+00
9.179966760751128163e+00
-1.715232996359383977e+00
-7.638558802676148396e+00
-6.261133205501614452e-01
1.144215573330989777e+00
7.365585100142737929e+00
9.028474174457608470e+00
-1.306911693251978868e+00
3.422311473722765118e+00
-1.145664591037336200e+00
4.667493888873172736e+00
-8.901069549015838689e+00
-4.283155996251077013e+00
8.844424772557911041e+00
-5.358264823840503510e+00
-6.176189053066610590e+00
4.892423078364008582e+00
-5.669302039622611922e+00
2.438651562736017908e+00
-6.364458198902262609e+00
-1.596929342380439820e+00
-2.035843079979906989e+00
-2.701198218250075112e+00
-9.362860391128233317e+00
-3.668015438209250689e+00
1.442603392783507799e+00
-3.240015301526124603e+00
-4.484435064291645290e+00
-2.941637229219556282e+00
5.774173075276884504e+00
4.974468412437390796e+00
-2.712674260592256914e+00
9.390669563409304033e-01
