-7.317787041873010878e+00
2.853922667391125767e+00
-2.321094198803357322e-01
-1.595468206087954810e+00
-5.211263416133071757e-02
4.317688060285578722e+00
-2.875587492209474405e+00
4.535936908093973763e+00
3.111537476571869743e+00
7.543976317675933352e+00
-8.255955207272936747e+00
1.722116673702709599e+00
1.725538177284288821e+00
2.325085335118350471e+00
-4.188382993139883936e+00
5.308622906751918613e+00
-1.769469241714354046e+00
-3.318470055990232925e+00
1.310649587898199631e+00
-1.143895604136937827e+01
2.552187561011601602e+00
-5.815797414329049175e+00
-4.972478552027512322e+00
-1.750558293228678508e+00
-7.557592376648601729e+00
4.241615150994079819e+00
-3.821898877285687668e+00
1.052980856971918300e+01
-9.251441253796555131e-01
1.210308115028827736e+00
2.909352474780626530e-01
1.194072671104227901e+01
3.170718537503363521e+00
1.820832295083691932e+00
3.878004772475951434e+00
4.427622833815560099e+00
9.833186170209883059e+00
5.417716474987381403e+00
-1.075270665986084495e+01
4.625175684057483139e+00
-4.796215528423195096e+00
-4.103633483776842894e+00
3.019264485129383502e+00
-1.129758620393021218e+00
-7.316755137176933488e-01
-2.844720671354767472e+00
5.739872626223560204e+00
-2.809391501554196147e+00
-9.355988675539197885e+00
-3.636023307470022559e+00
-2.711457532903014833e+00
1.017637783291579723e+01
3.371512088025379050e+00
7.033944704359928579e+00
-6.816680995977325352e+00
4.883227859241447533e+00
1.885766108067370439e-01
3.640245315761880818e+00
-7.817946048579784701e-01
7.343610871306633925e+00
-8.040963781258628984e+00
-1.599351019758559644e+00
-5.582961056202787375e+00
-4.281701959130317370e-01
-5.338684345359214767e+00
-4.907701218076917726e+00
1.155917684170427506e+01
1.104554762212298336e+01
-9.576046125076618232e-01
4.377989522621566820e+00
-7.856246017724566322e-01
-3.333300198421049743e-01
2.337455034578497681e+00
3.780393690830974762e+00
-2.232296338345765019e+00
7.515554904140751002e-01
8.806155878576209517e-01
1.880977705362716801e+00
-7.699907245491641739e+00
-2.216187175225890371e+00
-8.930552493933765490e+00
2.476267095247879357e+00
3.107177766577895461e+00
-3.691658282066966112e+00
9.049713932056915766e+00
-1.134552783324968495e+01
-1.233030781774946405e+00
1.088276567312629339e-01
-2.904994367392687682e+00
-2.720607015569599163e+00
-4.529019771899145397e+00
2.576468024559912529e+00
8.622767223575472650e-02
7.821041001870929321e+00
-3.554130755207547843e+00
-8.977846917076863775e+00
8.186148703833989515e+00
2.566591234533432520e+00
-7.601671616685681698e+00
-5.710812079554403731e+00
-2.963778986422061834e+00
-5.860412786620527115e+00
-6.951394938038282234e+00
7.132702905614078936e+00
8.950617567408935216e+00
-4.808073838568497571e+00
2.729572633115209257e+00
-5.074733117114450742e+00
1.836112777793129869e+00
-3.964110383859672737e+00
-6.337283161903211948e+00
-5.242282786442690856e+00
3.139529010975351753e+00
5.697803896351990360e+00
5.224202328048257016e+00
5.714322415772201680e+00
8.696948405731209419e+00
-4.949114258018591173e+00
1.653099921986798559e+00
-1.162995756182065499e+01
-8.420834753614698798e+00
-4.562498918018468075e+00
-7.505686423963871867e+00
-6.703126121416642214e+00
-5.613380777679015665e-01
-3.924092626980284049e+00
-6.581345345421009796e+00
8.876403695832754792e+00
7.833855041494079963e+00
-6.300616834856951343e-01
5.808322194100917102e+00
-6.793385394097214203e+00
-7.222840809409350804e+00
-4.460408241491697012e+00
5.702950845530963875e+00
1.194838924640186839e+01
6.072260464901622967e+00
2.954911587105641502e+00
-3.617857718969399450e-01
3.873607826701376489e+00
-4.936712055631662821e+00
7.048594810510463660e+00
3.073660580908253781e+00
3.053640321276173797e+00
9.787125802019566834e+00
-4.845853580068550492e+00
3.748800839359474946e+00
1.205687171319103967e+00
2.170014778761263141e+00
5.025183114606526225e-01
-8.425049755255518136e-01
-8.593007984018145251e+00
-5.443795383400910737e+00
7.188680378960428108e-01
-1.082001990976397821e+00
-5.728926487545682456e+00
-2.677269265381538421e+00
3.963690638189414361e-01
-5.928231480485198546e+00
-2.466412353805308211e+00
6.901794669994293585e+00
3.944374706102680150e+00
1.964172310102537455e+00
2.735873610369051967e+00
-7.603549915484811628e+00
-6.555592922903499264e-01
3.574263233897552183e+00
-4.347889503016764579e+00
2.508508394560848842e+00
8.758446182463482943e-01
4.079822427917620509e+00
-2.816395029758625324e+00
-3.316859828220833251e+00
-8.420612287839027488e+00
-1.855515334645119419e+00
-9.811649056439996741e+00
-2.446004989604804614e+00
-1.920359692464713941e+00
-4.948950103564884628e+00
-5.868134768860900685e+00
3.408513075066385234e+00
3.170851067763767350e+00
-1.005546357405619151e+00
-2.695688589009651359e+00
2.067322155336945855e+00
6.352882807440600743e-01
-7.712331777303697677e+00
7.974134592382309705e+00
-6.019728464177774185e+00
1.166783658485924136e+00
6.262512886970286630e+00
-2.913934837084370510e+00
7.523316568566166040e+00
7.171740975421427855e+00
-4.169905064201635092e+00
-2.912411171165120827e+00
-7.770210870074915732e+00
1.798309882014862193e+00
-8.638365416702045607e+00
-7.364814414474846416e+00
3.358897490315508438e+00
-3.074090879864907144e+00
6.658625472913052512e+00
1.139748130389556469e+00
3.321934410564827189e+00
-4.079619831043094891e+00
-8.558006424319270167e+00
-7.808492912975557587e-01
3.077227518150975616e+00
-2.275576393511501649e+00
2.631332098431357291e+00
-7.280485001288171887e+00
9.780139332630144011e+00
6.968279584050168118e+00
6.298664357770536348e+00
-8.891808579576419902e+00
-1.022736296793599209e+01
1.482326036746057341e+00
-3.862064952415379615e+00
-4.226010962410070348e+00
6.877306757409331617e+00
6.582632886335555433e+00
-2.250765518376601548e+00
-1.286266933463635631e+00
-3.976410037579166890e+00
9.140206783992441686e-01
8.496694084214762910e+00
6.704858469469893834e+00
3.895988024124741322e+00
-4.922047291996178409e+00
-1.245792333387690576e+01
2.057405071029028143e+00
-1.305042760901478749e+00
4.163861320791991005e+00
-4.692424610733500145e+00
-6.858342276492241929e+00
3.392794964776756572e+00
2.793528837677465404e+00
-1.718926795445297140e+00
-5.038084763173329428e+00
8.468489972712236025e+00
-7.049612038776059464e+00
7.633598953401776299e+00
-5.497245084045268015e+00
1.055942476314109868e+00
-1.023320716159338950e+00
-9.922527466993745549e+00
1.378794299723857009e+01
-2.520296289508188181e+00
4.188003115977521951e+00
-2.249507756898316391e+00
1.387692428796522659e+00
1.087759286886989862e+00
9.163222826572379631e+00
-1.230048146305841072e+01
1.872169457846446505e-01
9.494632983011230820e-03
5.187121292811164963e+00
6.417004539245695582e+00
-2.349295558018035024e+00
-2.705059568012675442e+00
5.359916706009183685e+00
8.103177028403198534e+00
-1.642145788435241727e+00
-8.901250953823383938e+00
