-2.715266242276647368e+00
1.273379897559845375e+00
-2.048768087776524638e+00
3.657236185287658259e+00
7.614258635191242242e+00
4.132461227698507322e+00
-1.442493139424720905e+00
2.950903875546600830e+00
1.930895693606691887e+00
-3.580842634928845580e+00
-3.654594143410249352e+00
-2.032850421358647353e+00
-6.648680028949867094e+00
-2.830017746613062712e+00
-4.023152396788937324e+00
-4.967601108504539731e+00
1.447383306420241933e+00
3.460567107411487875e+00
-3.138255033570988672e+00
1.526450822138777585e+00
1.700135800218690818e+00
7.923663798805660186e-01
3.265657699543673242e+00
3.249483429750283925e-01
-4.605072871843963966e+00
-1.590515110491722117e+00
-4.527296692939602352e+00
-2.564987796635336714e+00
6.218374956649432406e+00
4.427770867008680611e+00
-1.776802590861316533e+00
-3.079990290673803255e+00
-5.854639925586705651e+00
3.232818419967768531e+00
-8.776882615376379704e+00
3.587019503977725066e+00
-6.621925742578063989e+00
-4.218594853350999152e+00
3.627641419285028146e+00
-2.124110681687286117e+00
2.353520845981114107e+00
-5.232459595136850439e+00
3.413750066343409273e+00
-5.989244622629996684e+00
-1.158154786274512293e+00
-7.683892538545856077e+00
3.322018363794381646e+00
1.634542853139112628e+00
4.397769846040834096e+00
-2.525980609433006396e+00
5.122675804519698062e+00
2.103771574829209623e+00
-2.997460807748843159e+00
5.008640112234512998e+00
3.721565158725050448e+00
-6.571601333609605744e-01
1.571945394124209194e+00
3.909357291278175772e+00
-4.125947208852451809e+00
-3.721360009610704012e+00
-3.256999067718161722e+00
-4.215791246140915050e+00
-5.956483747363910730e+00
-4.445851016482610163e+00
4.611711652029869768e+00
4.534227455967917986e-03
-3.122577092130765841e+00
-2.682450146438104532e+00
1.614344442268273783e+00
-3.964278341815650197e+00
-5.705285066908366787e+00
-3.813585450354472162e+00
2.020326769188443006e+00
-2.991995824817407890e+00
-3.184706437773853205e-01
-8.280326272595457837e+00
-3.805211203611428505e+00
-6.737697768456410330e+00
-6.523201967022221659e+00
-4.410075368391703776e-01
4.733258998524036087e+00
2.096444238027774798e-01
1.657933993329232969e+00
8.429090858642464212e+00
-8.032647245074533982e-02
2.676529393675951773e+00
-4.632527297315585102e-01
4.144027119002216542e-01
-3.011550528533186721e+00
4.921067332553866081e+00
3.260259125588425899e+00
4.892843792257826507e+00
7.699350633140494615e+00
5.533737421303300152e+00
2.480802240517768098e+00
-6.513664520012507175e+00
7.942191416775371549e-01
-1.741405549309621714e-01
1.813092645268112424e+00
-2.480537326287935773e+00
-1.064179006643329650e+00
1.604098675263378126e+00
5.439716026706131302e+00
1.182953987025276765e+00
-1.927509908577918374e+00
1.339166112280441912e+00
4.915356915849309338e+00
2.796956308258178758e+00
-1.465994197687475742e-01
1.363654559462865068e+00
5.667052245644078390e+00
-2.619021360993243785e+00
-2.726187155097554715e+00
2.916440676439474800e+00
1.231765267383444495e+00
6.054495302227770992e+00
3.649022782219395467e+00
3.680554493319796006e+00
-4.102529010013800992e+00
6.162869446036132182e-01
5.244948613722560715e+00
2.805921560167449869e+00
5.773138179756304389e+00
4.367099433878064652e+00
-1.767464079499335705e+00
4.826220916952855156e+00
-1.094424019423620109e+00
9.988801911290658975e-01
2.126100822464496165e+00
-4.008687968738795071e+00
-4.123076339535887591e+00
1.301032028837226351e+00
-3.504513950893780372e+00
3.530587145035677388e+00
7.700785025946027540e-01
2.321895925701344954e+00
-2.870159976203010110e+00
8.703699325841557366e-02
8.176698205269582687e+00
2.865442800972355375e+00
-6.692199005941809276e+00
-8.887778607401353170e+00
3.309290534496657443e+00
5.009777304607437864e-01
4.464812163378071297e-01
2.545256038778834551e+00
-5.599954696662260645e+00
9.834653051778373678e-01
6.351439886765288811e-01
4.249553491116722093e+00
-5.273872897176586250e+00
-2.494494500283193972e+00
-3.706658309158345155e+00
-6.014253959214505008e-01
2.030709673557566486e+00
3.658735430028408064e-01
1.076020584717120032e+00
4.536634330781910585e+00
1.074571429021522251e+00
-6.705448582297536264e-01
-1.379555792591286245e+00
2.453854702817239719e+00
1.653161948619798816e+00
-3.194741616206059120e+00
4.997728478651136008e+00
-1.000014772552700393e+01
-3.965312355072705852e+00
5.924108985605942124e+00
-5.883994885038720035e+00
2.905194760363050577e+00
6.634367972827206472e+00
-3.159821004232772790e+00
5.208153578439563169e+00
5.868493307802258308e+00
6.528398641138921654e+00
2.775938604162824674e+00
-2.345459646679139087e+00
-5.670856647180234411e+00
3.072039766033566988e+00
-5.151160421937836631e+00
-2.065222256532996958e+00
-1.603218384183406675e+00
2.589862719201718733e+00
-5.637989863687196124e-01
-2.461294248832734066e+00
4.701797083627197615e+00
-3.455642036641685788e+00
1.003463276267460902e+00
8.404005477273308600e-01
-2.544532693885824592e+00
2.732154100383540118e+00
-4.204950017333663581e+00
-2.930650185594489532e+00
2.450288389707620418e+00
3.153321052084494980e+00
1.429178483461899019e+00
-1.237228061267545476e+00
-1.404779420272302293e+00
-2.720458693604451916e+00
-1.129251903928459866e+00
-8.272433620962713618e-01
-7.216694210204435578e+00
-3.546417334047148318e-01
-6.358414914954809705e-01
5.769376347029933072e+00
8.833721016933285597e+00
1.891028712534619238e+00
4.725458742878549501e+00
5.670250356407154690e+00
1.610820924427070366e+00
-1.427827131354823420e+00
1.991652074786886439e+00
-1.586285748683278651e+00
3.698566711868545021e+00
6.649895263196611950e+00
-7.754534960657577969e+00
2.737868250977285367e+00
-6.987896690391692811e-01
-1.728247307695585544e+00
-2.175621669491864196e+00
-1.696757105482035843e+00
-3.834050967907302709e+00
9.453531817777843571e+00
-2.554615436856793487e+00
1.468526393438326361e+00
-3.851122273796375506e+00
4.480072796341516117e+00
4.363338813395792881e-01
4.010248937230885602e+00
4.021880323089025211e+00
2.343499089934392376e+00
3.952538301506501206e+00
1.187479264733867668e+00
4.679271538255778573e+00
-2.817915479053460182e+00
-2.358306907251367157e+00
1.603924642553246072e+00
-1.128287861358944211e+00
-2.088140856828639258e+00
-3.437104234423833393e+00
4.570992791715091208e+00
1.404463468416740746e+00
-1.031452721074471057e+00
1.771336936306869836e-01
-2.644728556609713621e+00
1.105095613853579684e+00
4.250894404309797370e-01
2.793951360858995425e+00
1.240180602148952677e-01
2.285236735941761577e+00
3.538550494751278919e+00
7.491263742830551742e-01
-5.151329672075046773e-01
2.148955358388165315e+00
1.009037758459841561e+00
-4.221038904173673778e+00
-4.649522915145670510e+00
-2.442228970981309200e+00
-5.096082505908533733e+00
1.004526406737233368e-01
-8.226713022199494407e-02
3.635077765256157889e+00
1.255817690325209179e+00
-1.024533914666038603e+00
5.384667765114122595e+00
