-1.532089453830307590e-01
-3.642056940541313903e+00
-9.057305868519023306e-01
-9.898861889704649863e-01
4.214722494431054400e+00
-2.593282509469263530e+00
2.649732447499130394e+00
2.406760212737127258e+00
-4.949752179534672614e+00
-4.451929276370190536e+00
-6.152851615385990236e-01
8.618880205871864986e-01
2.835365707837600446e-01
-1.147967372856074419e+00
2.739496187586683007e+00
1.386632386528945604e+00
-1.109656190555456945e-01
9.383548337664375794e-01
-8.855316287630827787e-01
-1.338899624537490674e-01
-2.462603871294946067e+00
-1.704540159490296247e+00
-4.699521562772090988e-04
-2.085149384778639092e+00
-7.533823823846510503e-01
-2.473580864705425597e+00
2.304338943471780254e+00
-3.000861275016170282e+00
-1.569197808016020712e+00
1.255866586612271352e+00
2.446289337979580036e+00
7.386012134035722099e-01
-5.252489905556628536e+00
-3.366921413080431247e+00
-1.930131674889465021e+00
8.013558019994997395e-01
3.071900280638557024e-01
-3.909279671532849498e+00
-3.954168770688557100e+00
-7.847587438769041412e-01
2.699472543342840147e+00
2.103121448211206168e+00
-5.384788964805102829e-01
-7.578847238373498385e-01
-5.794783304123563017e-01
-1.994401255017048902e+00
-2.591230253768991521e+00
1.428367066499985683e+00
-1.715844891561836505e+00
4.524669108728829769e+00
-1.694606960815165708e+00
4.029421889669926315e-02
1.959185075207959592e+00
2.931378158419307489e+00
4.941000327933894098e+00
-4.955343492506653291e+00
-1.892131561251740202e+00
4.951371932038352242e+00
-3.364083478807847971e+00
-4.701575435514986800e+00
2.272418019581186943e+00
3.775956693292128019e+00
3.318466700669681746e+00
8.173554873780335406e-01
4.874054623015280363e-01
1.633277114967814692e+00
5.415956197208134926e-01
1.904010652563779438e+00
-9.796084300229896957e-01
7.446136187561648301e-01
-5.882698053560639906e-01
-7.430512950326280119e-01
-7.238269661431160351e-01
4.232121271367870641e+00
-7.639468778811681071e-02
2.998779202810012201e+00
-1.955720378537936011e+00
-3.906337548200211618e-01
-1.604301797950205000e-01
-2.010981078573580660e+00
-1.008193788800943569e+00
-2.886375530278856072e+00
-3.908010504920711448e-01
-1.473540950644827152e+00
4.758078810917477419e+00
5.798394259945442109e+00
7.984954155782135743e-01
-1.192643149722608098e-01
-4.856587227390855688e+00
-1.642399563124907313e+00
-3.119376523337873408e-01
-1.839259982553028250e+00
7.711026205727389282e-01
-9.513072396177917334e-01
1.734069535788240080e+00
2.955303281308954588e+00
-1.205017789067013290e-01
-2.665321531282823120e+00
-2.061494364289040426e-01
-1.744710965825305937e+00
-1.137946485189470724e+00
-1.347517335320890908e+00
2.895397455953881316e+00
4.100594262926617439e+00
5.409500352525853373e-02
-1.074055250007560636e+00
1.437306927231210452e+00
1.383278660164091400e+00
2.428718120581352391e+00
-2.684896198285692925e+00
1.930689226604173747e+00
-1.548652536445779049e+00
2.278056460375741832e+00
-8.773570692753998035e-01
1.761030055122046356e+00
-1.597487316371973165e+00
1.186574302585530205e-02
-3.754960413003140651e+00
-2.525397214442034688e+00
-9.663233779166606752e-01
3.328673780007789240e+00
-8.112181507780076295e-01
1.331957118961079267e+00
2.815714428138076819e+00
-1.952270409667238305e+00
6.563291160077346920e-01
-4.417175035380234149e-01
1.975214261613961853e+00
-1.484142458523007413e+00
1.021268015671359386e+00
3.635797342742770333e-01
-2.266460367660659614e+00
1.902535774731890283e+00
2.933344463327502982e+00
-1.634189291298554281e+00
3.735015982847365024e-01
4.510646190393690080e-01
6.356479436302295838e+00
-3.141234445225916438e+00
2.259646097342995041e+00
-8.815629386551186997e-01
9.426360957484531955e-01
-5.589888510607783800e+00
-4.294795527566142468e+00
1.884861541295361764e+00
2.735270721702874663e+00
-4.125730694376279928e+00
1.355595370945520184e+00
1.482336635771367206e+00
3.196095235847547844e+00
1.767846594441828678e-01
1.661275192972156312e+00
3.015566991547671272e-01
-4.125957283741222170e+00
-2.159463932192275948e-01
-2.748660821269870880e+00
3.965812716675796601e+00
-7.918398317547379328e-01
5.011733354108760530e+00
-3.810080471597111496e-01
1.505824347974797917e-01
-2.658265490053070224e+00
-1.165046500810811292e+00
1.084968600516760473e+00
3.523179073725126731e+00
-2.470664343340498448e-01
-4.982198549242530028e+00
1.800437595498297627e+00
3.926869347880461714e-01
2.434868428346684599e+00
1.304052917880538232e-01
-2.956109335807326488e+00
-2.223511055529740155e+00
-3.383771189156944637e+00
-6.690359821672372531e-01
-2.722609850650617780e+00
-4.001133823815368196e-01
2.633914254992823611e+00
-3.578320804365604069e+00
-4.420099339881715217e+00
1.391002831864263545e+00
-1.352391421732099364e+00
-5.396538616540951239e-01
5.318185942554811696e+00
-3.775291476701508664e+00
-4.970215208283976338e+00
4.081114531481683017e+00
4.108596095230049094e+00
5.951752024375616124e-01
2.214826743830636602e+00
-1.462561864805925316e+00
-2.984650089459671918e+00
-1.580620097193088380e+00
-3.538095788293278421e+00
2.327018292795118182e+00
2.755808181541351765e+00
1.590427267420697177e+00
1.671233286710465116e-01
4.579381755530219422e+00
2.050001285936190243e+00
2.876296772743678787e+00
-9.332276541298103467e-01
4.769877521417882349e+00
-3.671384744484981866e+00
-5.643192212312042599e-01
5.260450703341031264e+00
-4.562535320809494976e+00
4.174785428808098331e+00
-9.331769190767180699e-01
4.183085422175902401e+00
-9.506817581257922534e-01
-1.962460293171510495e+00
1.687033302959271230e+00
-2.144210927090776764e+00
6.502058248987879097e+00
-2.903588052512237727e+00
-2.356742085801700526e+00
-3.407453539611919879e-01
-1.867501634698612856e-01
1.968814531937860934e+00
4.124052105092035347e+00
-3.019404360255825370e+00
-3.802733020286099830e+00
1.356458638704342023e+00
2.612816484852978238e+00
-3.768309625699894916e-02
4.931735629236331242e+00
3.164600176128960385e+00
2.375231951556379340e+00
-2.049795644539573747e-01
3.508972948768168010e+00
2.921148717305785070e+00
4.189351973104788129e+00
-3.064316963367572200e+00
-4.600123290994374337e+00
-2.896373035184278133e-01
-1.408762194510884136e-01
2.000390628271628390e+00
1.380198177707671059e+00
-2.207819733927931516e+00
-3.353696286965682116e+00
-5.914374702340952084e-02
1.870664065534286102e+00
-4.232672292189123553e-01
1.533785669511216199e-01
2.040013731873528524e+00
-3.311888573763497767e+00
-6.897681985172844366e-01
-3.432672004907095786e+00
7.932304989805674111e-01
-1.576231355154177338e+00
8.471429326943820115e-01
3.198265467844470855e+00
-5.080912267736383825e-01
2.279850163377497907e+00
6.671029742136740381e-01
-3.178025430065178014e+00
-5.167203974060733174e+00
1.036279902196328706e-01
-2.349316736333927569e+00
-2.140641171151653310e+00
1.633781228742180014e+00
-4.458385417175806609e+00
3.731175438765005126e+00
1.059811864887215238e+00
