5.227901191881455745e+00
3.758023884451250574e+00
-1.738039921188035741e+00
2.522325293164161319e+00
8.708625784310974893e-02
4.488234864792807421e+00
-1.330325167448506152e+00
2.062786352212256702e+00
4.973824069525208280e+00
-5.642432115639095525e-01
-3.029982949243739121e+00
-3.734626424523976862e-01
-4.134075198038298815e+00
5.812479053631439463e+00
5.401943996936847014e+00
-7.090130369199789673e-01
-1.333618112209232764e+00
-6.399606561833929064e+00
3.678252061425648201e+00
5.768323558403665174e-01
1.452688894717171886e+00
-2.493364990399791203e+00
-1.375671260945031893e+00
3.908662229722664083e+00
-3.039315432910481896e+00
-1.405984473356743258e+00
-1.587105253460220355e-01
-1.034317260080514611e+00
-1.123422385258815215e+00
7.689604201258770644e-01
1.589129205552156865e+00
-4.946870705716939209e-01
-4.647211987831416202e+00
3.271760223453833660e+00
3.750901533103158769e+00
1.023009407863800790e+00
4.649128797322003237e+00
-3.050595149921811355e+00
9.030140997905742317e-01
-2.210311768007531263e+00
4.810511152427823234e+00
-4.347756613281630322e+00
3.163203649354555669e+00
-2.127714329044349650e+00
-3.695870285762588026e+00
5.941664360284132362e-01
7.642753119268347994e+00
5.479466210037023721e+00
3.149250091864244094e-01
-8.021762033472841225e-01
5.304819678841841135e-01
-2.780669410686581688e+00
3.971395879415227093e+00
5.539995449084906376e+00
-2.467411528445859314e+00
5.542358944873265969e+00
-3.155535310895867696e+00
1.934215079639288737e+00
-2.870955752792611726e+00
-7.841422902273524898e+00
9.900837755630622627e-01
-2.183933214638198450e+00
-5.953723288016442794e+00
-3.025873400677010938e+00
2.310379804763288192e+00
-1.688306128377627280e+00
4.941301948882455441e+00
4.240892721650453723e+00
2.601376558726358645e+00
4.892539881261592782e-01
2.941536426745485322e+00
6.562109951975558353e+00
-7.540367466568939747e+00
-3.819937647309435746e+00
-6.651386440597730321e+00
-1.313164671846223097e+00
2.350744986357417687e+00
8.424240839103667167e-01
-3.080571177088764045e+00
-1.697271197142160348e+00
2.118485836289980551e+00
3.140256562721576383e+00
4.393314718310645794e+00
4.476695468772071251e+00
-1.085048430790281682e+00
-1.336275240524931185e-01
-5.498108237374571772e+00
-3.504245788189371158e+00
-3.481001914482393822e+00
-6.509554857813593109e-01
-1.511074638485751631e+00
-4.063813669609903201e+00
-4.933651082254780995e+00
-4.704467971180795516e+00
-2.500428503907722977e+00
3.590245532049163302e-01
5.400874200846963902e+00
-2.841279430982211807e+00
2.939141349864496711e+00
-2.442103622563056575e-01
3.728838262684715410e+00
-1.112858043128583496e+00
-3.233013950388892610e+00
1.328519344146399384e+00
-3.300000659037623407e+00
2.790507139239454482e+00
-2.931094172701104839e+00
-8.711394488682291382e-01
4.954397094575998750e+00
-4.748580060771896427e+00
-1.337606498620641737e+00
1.465792788908917288e-01
-1.589785659332692225e+00
-6.514443520177346514e-01
-2.536009970894513632e+00
-1.045113238222383334e+00
2.852865510582264008e+00
1.200939051031453708e+00
-7.620043548096711916e+00
6.567308287500404518e+00
-4.850362597274773258e+00
-5.391379506809237832e+00
-1.830807089791018250e+00
-2.656341943281505191e+00
6.390382830722442620e+00
-2.304623353198925084e+00
2.043303903163693480e+00
-3.289000803225912595e+00
-6.913861370469343015e+00
-4.372254927592267748e+00
-2.242844992659485115e+00
-1.228730431954134339e+00
1.676646003370952487e+00
-9.972733784943343949e-03
-6.332312248705354918e+00
2.276881121294631605e+00
-2.992088380739605924e+00
2.411473315012258478e+00
-4.450026336112579806e+00
-8.251812641649439728e-01
-2.694966197809906649e+00
-4.456802653584723828e+00
3.460826836217060443e+00
4.161817948131196765e+00
-2.081146257769119323e+00
3.240463200144129363e+00
-2.917670968469797010e+00
-4.840010467398639937e-01
7.000993039134569607e+00
-4.758389744861659665e-01
1.791880979600222190e-01
-1.827685799528581123e+00
-5.583083059700975070e+00
2.742217212363163625e+00
3.561720288184757166e+00
2.498862193842588564e+00
-5.403621088148994112e+00
3.848793195897882047e+00
-3.809489938809692333e+00
3.550810597922769318e+00
-2.469248826938053920e+00
-6.711162245793223846e+00
6.864286085998019260e+00
2.237971037233545957e+00
5.024366915559104640e+00
-5.788676902353391274e-01
-3.401998355578909283e+00
2.733891616361030508e+00
-4.906564066523790402e+00
3.366927700831355175e+00
6.268886494829488676e-01
2.124684117272332529e+00
1.690316999399437359e+00
-1.003937393057091176e+00
-1.891842993370834947e+00
-3.977822284356680171e-01
3.195252813038640838e+00
3.400387154502002574e-01
-5.794430557890821731e+00
5.437328373493891531e-01
-1.870620822088670643e+00
1.382853973038443041e+00
4.455006562237260326e+00
-2.178952310496805822e+00
-4.260369426881444710e+00
-1.503256630010649353e+00
-6.824976194795581819e+00
2.116248668102058694e+00
4.560043474012126730e+00
-4.623347498802177213e+00
-2.935823115824408580e-01
-5.675200799970882670e+00
-3.075142902187002036e+00
6.872226158005592112e-01
7.617724963470063670e+00
2.654429826738888387e+00
-9.572515135035162270e-01
9.517513379094040271e-01
2.394361435843451069e+00
-8.397685544634900801e-01
1.223360585735002726e+00
-5.575615375568991894e-01
-4.349543797588408367e+00
-9.549682570095903156e-01
1.482665210827982971e+00
-3.702549999521040913e+00
4.157023184120042458e+00
3.775748731493274724e-01
2.416114950925482674e+00
-1.969143150825391209e-01
3.068226986409553714e+00
-3.571142061043960148e+00
-2.308194349807851875e+00
3.234778634775173245e+00
1.044552227342285811e-01
-5.176420373485878024e+00
1.459267197134765937e+00
1.561269358210894964e+00
-3.741760084990630730e+00
-2.261913360432417086e+00
-1.489517476155703957e+00
3.203301849159326586e+00
6.037392450431822155e-01
3.474269906584281031e+00
-3.512172313282659886e-01
-4.593696069347203981e-01
1.351603504152525836e+00
-2.490327894646263918e+00
-4.863728555795827191e+00
4.665450375810676675e+00
-5.828780735663511514e+00
6.423389466222701571e+00
-7.945366849443280532e-01
-1.399795372772402402e+00
-2.332291125179868807e+00
-3.072155597422006501e+00
-2.286273502344987829e+00
7.987366809837359583e-02
8.430043219735718907e-01
1.617288802013274740e-01
-5.703403195373910606e+00
8.681910452123848820e-01
3.412649329075882143e+00
4.868684094861071898e+00
8.705426089714765059e-01
-3.702638674037581623e-01
-6.769907053199283098e+00
7.349366292739552442e+00
3.163682691448888917e+00
-7.712891855570267907e+00
1.999105860649070809e+00
-5.165521086481032143e+00
-1.196645838560888908e+00
1.943172609746883772e-01
-6.375113928406106467e-01
-3.541077081154744732e+00
-1.334899830017571620e+00
4.958761281531214316e-01
-2.570870235044984131e+00
-1.839914240738696138e+00
3.970458628616972963e+00
3.126134638152826550e+00
1.584941487412615757e+00
-4.795574508690593873e+00
-4.541145171667902325e+00
