-1.960485868913258489e+00
2.489401860561183177e+00
3.259006694059034537e+00
-3.996388120853595627e-01
-2.670269439219955743e+00
1.402007171190697177e+00
-4.151076002688207645e+00
-1.173399942489202763e+00
5.214686395581471512e-01
-3.099908536184845964e+00
2.383104772301076757e-01
5.666275755638803258e-01
-4.438744742226973017e+00
2.812589506585859489e+00
2.708292174920302386e+00
-6.178422141515720334e+00
-2.763467587539844672e+00
5.268184097583602288e+00
-6.320475521606585545e+00
-2.351214610215773604e+00
1.914217237886778999e+00
-6.013481400770102958e+00
-5.270803912160969773e+00
-6.758360244257761273e+00
-4.755153847825020819e+00
-2.127185041653987696e+00
-3.158082051688643421e+00
1.745556722544903572e+00
9.545843716404632806e-01
-2.302669413262297127e+00
-4.386419568988573658e+00
1.394070259614778262e+00
4.466657141985187707e+00
-6.844698325551995532e-01
-5.171478006915537939e+00
-1.772929631929150318e+00
1.911327428341366597e+00
-3.974903274859864943e+00
-1.949333079061262408e+00
-3.527529506232467860e+00
-3.531733295576393594e-01
-3.172186289710768881e-01
2.061903136853350915e+00
-8.009479501281051128e+00
6.910291885113601928e+00
-1.065026719610444372e+00
2.918224494960567572e+00
1.007156930675339401e+00
-4.444891377810892941e+00
-4.552963808865017725e+00
1.245238327023184821e+00
1.521887316751053376e+00
-8.287493794408634429e+00
6.871464400259761351e-01
-5.866623318430644218e+00
-4.339255439056121766e+00
3.388353978149710510e+00
-2.647724821268186535e+00
-4.014438500146422228e-02
-1.155049832956531519e+00
-9.755727315914485942e+00
5.574346376081684706e-01
-4.786877137815624295e+00
-8.866087499870300981e-01
5.400624484451143736e+00
4.639704844572024811e+00
-2.856250790131098949e+00
7.079548952176217824e-02
-4.006161396554608345e+00
-3.384432017413300464e+00
1.721702411854079129e+00
3.392439857058838992e+00
-6.933833224747000479e+00
3.648298709322974620e-01
8.608449249303986583e-01
5.421561905785344138e+00
-3.114625161117621222e+00
3.486447124864215485e+00
-5.774666464863206450e+00
7.685213031504954939e-01
3.553135249266149209e+00
-3.422528814700339095e-01
7.744481626960442178e+00
4.255248256230052206e+00
-4.773747039191649222e+00
-6.356690075996553446e+00
-2.749419722281865042e+00
-1.298051104272611056e+00
1.942691265501852449e+00
-5.617679958887432434e+00
-8.028589124484574180e-01
-2.090560231321542339e+00
-5.938560287433208629e+00
8.869447059510418008e-01
-2.319439743627924155e+00
5.345282619062880158e+00
-3.742237311909107245e+00
-3.489867828427009044e+00
1.357640694111383439e+00
-4.699657192195649813e+00
1.530639270898300097e+00
7.125843448295117177e+00
-3.359843805081506041e+00
3.695576997445972900e+00
-7.177841317943481236e+00
-3.683750684225380212e+00
-5.103882287145252716e-01
1.104466289434821835e+00
-4.678727923184236026e+00
-3.667519199749156300e+00
-2.207981227681895753e+00
-5.823210150702180954e+00
-8.110436044037641068e+00
6.061595864196778649e+00
-4.382624241826571954e+00
-6.023353879100288299e-01
-5.626244335605038671e+00
-2.712893705031095504e+00
-1.350757511389854226e+00
4.232152036526124483e-01
2.256655030355135594e+00
6.422224753101120953e+00
-4.273488775507298776e+00
-5.084693662773726253e+00
1.917137607651147935e+00
-1.995311192125736932e+00
1.787029996593936243e+00
-4.320254049066162949e+00
-4.929991354169315443e+00
2.422124190486529827e-02
6.638832539908412489e-01
1.506244897049632936e+00
-4.646478953948005031e-01
2.282390857865035816e+00
1.308680595036612493e+00
2.537396954782658032e+00
4.947293928798121243e+00
-4.151148595430497856e+00
-3.805993515548397710e+00
-5.027279633425907335e+00
2.681845765385867164e+00
3.866335401845709896e+00
4.340917093598555709e+00
-1.193574166679943982e+00
-1.424380360393190159e+00
9.370626899242219920e+00
9.419865626148007820e+00
1.998189120479638703e-01
7.299971076022305105e+00
-2.755751918374019560e+00
-1.278416821112372315e+00
5.017073107134457643e+00
8.966981738448136952e+00
-1.134897291348093473e+00
-1.617295547605848594e+00
4.611168195621175414e+00
4.951297519269654224e+00
-2.622778380755528271e+00
1.237133353107062961e+00
3.337240445835030211e+00
-1.869349993197070958e+00
6.745597600476187061e+00
2.931181936992982573e-01
-2.801975314215876978e+00
1.943426142817131108e+00
2.036232327278962639e+00
-1.469306736291243087e+00
-7.734379222069268423e+00
-1.657937410769255049e+00
-3.699860972436749051e+00
1.195722482037282486e-01
-9.548098778428875111e-01
4.177497193600385295e+00
-5.380262095548057566e+00
7.801244667683695511e+00
3.829665185847217490e+00
-3.668364059927823995e+00
-4.227674954043606270e+00
3.042529894086780651e+00
-2.659073078999035111e+00
-6.468393521897661813e-01
3.329018059387911954e+00
4.581503752511356886e+00
-2.622244304861911957e+00
2.936947572857303790e+00
7.563299988860391565e+00
5.840810000370464827e+00
-2.562630723400035393e+00
2.059983493246404063e+00
5.624003104904619299e+00
-5.674061442490064833e-01
5.434424020038012060e+00
3.777209141117658930e-01
8.710890639004251312e+00
2.461586552033084629e+00
-1.415381045602484011e+00
3.781153853319672464e+00
-5.775175040328317522e-02
1.211899268851936995e+00
3.115258183474280962e-01
4.375188962349344735e+00
-3.719924712005586276e+00
3.613332485012217710e+00
-1.400694575978351342e+00
-2.304560741191798101e+00
1.938496270679819000e+00
3.211215147968067285e+00
3.387136542063524658e+00
-3.926050270563844258e+00
3.730622500481074688e+00
-1.805554462531008930e+00
2.633641351741391912e+00
1.462999628544674469e+00
-1.695697047061235807e+00
-4.128929314119673677e-01
5.411727755480372437e+00
8.329554979442569618e+00
8.692301319563268791e+00
1.044148211176508356e+00
5.634069794418757882e-01
3.859218457822161774e+00
3.296707399011848949e+00
-1.287075907940864683e+00
6.972463197875525154e+00
4.988484167264351399e+00
-1.031507988194761616e+01
1.587694837890088806e+00
1.564161758278713288e+00
-7.350025842704601686e+00
-5.499326210818612282e+00
3.735246130034836742e+00
-3.447352160554051359e+00
-2.793620511428019260e+00
6.874410397182193933e+00
-4.708520548995717370e+00
5.683737773321531073e+00
9.128361151025925491e-01
2.683556053953403797e+00
3.974887218453347248e+00
-2.173955950527861170e+00
-8.103894678246245320e+00
4.418982140821411164e+00
-2.877550483112425006e+00
3.697102586329153340e+00
7.289065344631070253e+00
-4.623384010036063252e+00
-2.324560205704313098e+00
7.782470882113708299e+00
7.724065460613076084e+00
4.393121835758174498e+00
3.623197207583760182e+00
3.537382995150349707e+00
-4.496429282390697502e+00
-2.908386956195658790e+00
-4.706022850188476880e+00
-5.128655632300461953e+00
2.170032042719832077e+00
-2.032657623016152382e+00
6.805529119404507554e+00
6.387688221383813314e+00
3.961620991806213521e+00
4.740762248057430739e-01
-2.135181160747342766e+00
-9.060765019838539214e-01
-3.491607568758854363e+00
