4.100644435904027496e+00
9.098028824234237533e+00
2.022382605240419906e+00
-4.921870803925858517e+00
-2.771034028685662509e+00
-6.985157865652532827e+00
1.794196247619450624e-01
3.759496495545207040e-01
-2.898213603686663475e+00
4.263137165305142418e+00
-1.213188038859028595e+00
-6.564764839041107969e+00
-2.981897077514639172e+00
6.371438789787618795e+00
6.558943436755915180e-01
-6.042205489488428505e+00
3.345457477696303084e+00
6.362080913751121614e+00
3.403664344663896557e+00
-2.237389445402300669e+00
-1.372134950418796073e+00
-4.856115134645121678e+00
5.458070265770118557e-01
1.403507487667701170e+00
-1.721037456194520754e-01
-4.723712343074943920e-01
-3.799752010442114525e-02
-7.844200838159558486e-01
-6.877033338326971723e+00
1.447301866885335464e+00
-8.323350932883788467e-01
-1.793232887538547482e+00
-4.040103644570478103e+00
1.109330037886401055e+00
-4.959313260431301273e+00
-2.007587326388549087e-02
-8.407957686009976950e-01
-5.076998908871913407e+00
6.885291238849706730e+00
-2.071433172212239882e+00
-1.150018827185912862e+00
6.400251253647415872e+00
-5.128671676983286076e+00
-1.012672836118366781e-01
4.615810747107879308e+00
5.220479050590709491e-02
-3.540595882358674729e+00
1.843705341593062652e+00
-2.635368715309625021e+00
7.092383271643546649e+00
-3.399396350108504272e+00
4.863871631905762882e+00
5.074016299212661174e+00
4.574229202257708238e+00
4.692843686266684244e+00
5.806383081013573033e+00
-1.743164070098643048e+00
3.555108448604191729e-01
1.371719573060778075e+00
2.749461012918732017e+00
-3.923745237531669705e+00
5.768307300193701970e+00
6.685127169867790542e-01
5.323058959762052567e-01
4.447839463358764789e+00
-2.305538494321615062e-01
3.493182539262071007e+00
-4.816097855817547568e+00
2.646020861799312396e+00
4.925017977743586961e+00
1.378610467626788072e+00
-4.347789030535935240e+00
-1.118577785605166852e+00
1.482187407314921046e-01
-1.360420913541410926e+01
1.574749083312650288e+00
-5.461083468353496784e+00
3.393979625980171111e+00
1.819956027806737042e+00
-3.297499975337588651e+00
-7.808674944055580269e-01
2.359208663876459333e+00
2.614617064726468598e+00
-7.406069878093841652e-01
8.965054392317606258e-01
1.067036502913421359e+01
-5.892883867704853174e+00
6.448570246466318601e+00
4.010105831154969991e+00
6.359477922424931151e+00
-2.880930875609423403e+00
6.515167435546972419e-01
1.704553095357280501e+00
-2.200363579379682299e+00
1.359280570027800783e+00
1.871275267341464099e+00
9.306245961289936197e-01
1.381925527583806712e+00
2.131602360555051590e+00
5.078615907293353438e-01
-4.490365271263896396e+00
5.338101229493195099e+00
-4.365249519133715062e+00
4.697536845845149855e+00
7.908897172587008306e-01
2.356628644402233963e+00
-1.090858021286457813e+01
5.992613938037843369e+00
-4.421675451851234229e+00
-8.316431888276870410e+00
1.078985730507187046e+00
2.363291559918610396e+00
-2.902036752082999271e+00
-6.688273124510457635e+00
2.911729777513247797e-01
-1.854121787425309975e+00
1.122328942474713820e+00
-1.518173922370116280e+00
-1.125822105249704830e+00
2.704632266896979331e+00
-2.484398658873710808e+00
-4.573158330521410520e+00
-5.416361334504813385e+00
-9.355888903972706672e-01
-9.718750178891670810e-01
-5.940949431799314340e+00
4.648201073849119958e+00
-7.444169168197744213e+00
-1.940835505161336627e+00
-1.050251242735945389e+00
-4.354675795537133354e+00
6.850880614946892599e+00
8.443507599604501479e+00
2.998639337762429413e+00
-2.404608036414083383e+00
-2.224525941681124053e+00
1.747613832668859501e+00
-6.324710845627707911e+00
4.189543117256320670e+00
2.106381399655327336e+00
5.249308786602552956e+00
-1.935982844602283315e+00
-1.284510471402719567e+00
-3.492877984454325624e+00
-3.398065398098545131e+00
-7.802399484876396230e+00
-2.281378487540339783e+00
8.289927021601490864e-01
-3.587034152054611624e+00
2.908527816270940924e+00
-1.895051977345069139e+00
-4.341602696740541667e+00
2.109514987740405800e+00
-3.628196841998736044e+00
-5.533292941394542197e+00
3.504726918796148727e+00
-5.690872678185856515e-01
-4.367179058069645237e+00
-3.591438837614623569e+00
-1.542307283369678927e+00
6.714733264356636866e+00
2.724167234331163812e+00
-9.391933548196718107e-01
1.582155863126541107e+00
4.591618512970828903e+00
-5.401459604850828988e+00
-2.201547864678921940e+00
2.930904256128280760e+00
8.902354459149385946e+00
1.415223725994787074e+00
8.766554642864102576e+00
-7.262563451105615187e+00
-2.759264297772698882e+00
2.529695074899178664e-01
-1.084725531395809206e+01
-1.936751331614033678e+00
-4.423104252962322569e+00
-1.690632744727992520e+00
-5.151351876787340522e+00
-5.693451181674871187e-01
-5.060218644738327498e+00
-1.103689246775684918e+00
1.112515254115393759e-01
5.235322643788404839e-01
8.167170381218264552e+00
8.007441945834509411e+00
3.046985480160172344e+00
-3.002424786774080090e+00
9.056036464873820080e+00
9.718642623152645044e+00
-4.280685612900214210e+00
4.658863253161654505e+00
7.794356830204073994e+00
2.104989921046962920e+00
8.056895699262103250e-01
-1.511065822963245431e+00
3.172474397122851286e+00
-1.246043222388399041e+00
-2.979082500646530463e-01
-8.325736446969296267e-01
6.190984735928717342e-01
-1.262342908299281863e+00
-8.650746803481332847e+00
5.487119195070106592e+00
5.055906594655713349e+00
-1.743580813856317357e+00
-6.531923556924057017e+00
-2.510923968209514356e+00
1.045835177889003598e+00
8.559541283812188706e-01
-1.940747487412237682e+00
6.304768382913241709e-01
-3.568725006842226932e+00
-7.455989206993066665e-01
2.019922184461202974e+00
2.365408284861272747e+00
2.705131151531231737e+00
2.177096927219551503e+00
2.589833517673088004e+00
-2.201739551391705074e+00
-3.294597820456177661e+00
-5.136866280366803039e+00
3.457195123815672400e+00
-1.813049408767795079e-01
-4.637851608928295732e+00
-3.705087080448350889e+00
1.169373426549247252e-02
-1.379259212708180193e+00
6.294538693098759019e+00
4.031364427619113400e+00
8.213334417943364940e+00
2.950847255706789074e+00
3.270862746174647562e+00
2.576339044073812978e+00
-2.528039579567276540e+00
6.124822335374300764e+00
-3.661518338207410128e+00
-4.748946033693073332e-01
-2.163797530195414431e+00
2.160943823542833542e-01
-1.186680173860263032e+00
4.851071514612423030e+00
-7.625084112704669792e-01
-8.693814410581541807e-01
-6.595073495514451878e-01
2.040121195717076397e+00
2.741541803687333800e+00
2.143457239163705452e+00
-3.879201942598111241e+00
7.475186102241111463e-01
4.931089415360948358e+00
-5.038262521967952878e+00
3.112685975146129103e+00
-9.256971132745284159e-01
3.168529943765167722e+00
-2.616638131790777422e+00
-9.514978586560340901e-01
4.204509642254347312e+00
-1.012536712268996553e-01
-5.545617415286582030e+00
-2.448172767896832802e+00
1.551226167427993019e+00
-3.497372080405298789e+00
3.283099058008462912e+00
-1.170925495571941477e+00
