-4.108678129376190924e+00
4.868029542913944852e+00
3.247878237433176274e+00
-3.908213292412022088e+00
1.901587984771342832e+00
-1.762957146256811880e+00
-7.397095618651723825e+00
8.980544384118882562e-02
5.688248796323392753e+00
-2.348934168220616847e+00
-3.040525329675680233e+00
-4.960451025131129121e+00
8.553714882451921575e-01
1.417083626950061515e+00
-1.478847855123179178e+00
3.288231394269639729e+00
-2.025734951639420967e+00
5.798192649346614047e+00
-5.598970696087411270e+00
7.330291681211339672e+00
-6.306053662585331399e-01
-4.929277195808658085e+00
2.134503810896634768e+00
3.919373494431075855e+00
5.927394317678311708e+00
-1.421141824134844800e+00
-2.243431347896263084e-01
6.344991387637026747e-01
5.232838711305513257e+00
-2.533636832697436780e+00
9.791136217850300305e-01
5.155832040439468855e+00
-2.022866358130780640e+00
1.888777865753683116e+00
7.260103955633198325e+00
-1.473571497577281342e+00
-2.784524619050556815e+00
-3.834560622942018160e+00
-6.820981567691488223e+00
1.442893763454627276e+00
8.966835543732649683e-01
-7.667438815809026309e+00
-2.949483069139680502e+00
-7.341083920736467761e+00
-8.250287466409407244e-01
-8.353123446799202156e+00
3.432070887115830082e-01
3.684265504111629674e+00
4.984677545576316149e+00
1.059108080225927395e+00
-1.224733079128629498e+00
6.536326073243801105e+00
-3.456468976021668027e+00
2.467199771420246712e+00
-1.526971297012665651e+00
-5.292170354326351855e+00
-2.211856927701924658e+00
1.150036287043149308e+00
3.740202609116699772e+00
4.783223086067333263e+00
3.380129318871723854e+00
-3.518603425487313530e+00
-4.329868027358951821e+00
-3.407779750294734900e+00
3.196570588724615192e+00
-2.646968982488980604e+00
-5.933209909010916938e-01
1.530188017426662661e+00
4.084033327661547474e+00
1.404627841677306144e-01
4.774870738775415902e+00
1.273095369606428662e+00
4.332603446211158449e-01
4.129279498234351919e+00
4.627474038891713271e+00
7.035689016877661572e+00
2.779157055737718540e+00
3.461864781002492730e+00
-1.896176378359527348e+00
-5.254590604612063842e+00
-7.886086343958007561e+00
-1.883521762959608603e+00
3.339609262272854373e+00
1.446359206386045981e+00
-1.763560501451907125e+00
1.735693867386585598e+00
7.290501323288747226e-01
6.435938083161043544e-01
-5.165992650029956224e+00
-4.765910569931445906e+00
6.777596179750649874e+00
2.911567430847804783e+00
1.223091001653780596e+00
3.070474171016382758e+00
-5.596356341489183706e-01
1.226092599753210610e+00
-2.141719359922987120e+00
-4.166980993715680981e-01
4.255420220733694414e-01
2.734360534469847615e+00
3.329194777052738807e+00
-6.413174188869923853e+00
2.705040660719760570e+00
3.368639024413231375e-01
2.439672130809411588e+00
-1.176001994885917945e+00
-1.363879810922748348e+00
-6.380169551375584724e+00
-6.110061955005234857e+00
-4.875972331346794419e+00
-7.168374811712396877e-03
2.146641361849404017e+00
-2.747441284655735672e+00
6.088513378958461786e+00
2.645467889267717254e+00
1.689284135324001124e+00
-6.359456717268237025e-01
6.915431944395056263e-02
4.621866603321794109e+00
-3.087541099598902328e+00
7.532162296711115701e-01
6.252594887094664600e-01
-1.114776036739943965e+00
-2.207389574268621590e+00
-4.847779958677580936e+00
2.952854816413243100e+00
-2.397010050626351862e+00
2.931268236091718826e+00
4.579404979231629369e+00
1.130532469661023498e+00
1.138130336476463444e+00
5.116742770867659829e+00
3.375287203075496567e+00
5.146845829241588177e+00
2.114370033075466004e+00
-5.058220153471038927e+00
-2.759001155186310950e+00
3.867939036789160401e+00
1.412090880894561806e+00
2.130265151951820535e+00
2.375853848279225744e+00
5.465991333955214415e+00
-3.237657039289317140e+00
9.490135782352233207e+00
-1.529930649380910390e+00
3.817525452895953464e-02
-3.939452240266115179e+00
-7.590871925824242972e-01
-2.954832881532976963e+00
4.352960270754765659e+00
1.036421705153484751e+00
-9.471246054852247021e-01
4.805621988426137747e+00
-1.577643108986466647e+00
1.043245358334456085e+00
3.744532452954583146e-01
9.407073244259432698e+00
4.259566721407329837e+00
1.866275102854825674e+00
-4.386629494208646562e+00
-3.133345390349425053e+00
1.576478074345956326e+00
-1.897959555083046812e+00
-3.928129487591240920e-01
-6.725194314424661535e+00
-7.030247081597735814e+00
3.983490966008091938e-01
5.241804799461548647e+00
-2.338340357902045419e+00
3.012946153110021452e+00
-6.282859362553642413e+00
-1.209125830059067042e+00
-1.824433582532228648e+00
2.125690340907491205e+00
-1.908609919823522905e-01
3.524894295484100937e+00
3.545995570735614333e+00
-1.977755045264276035e+00
-2.118815528734647735e+00
-4.032857722331979033e+00
-3.558685691217092106e+00
1.418399332951042924e+00
3.700045942271107613e+00
4.361623404753804500e+00
3.178343400820533127e+00
2.248415907237383493e+00
5.913681517973484958e+00
-4.017240694459745853e+00
8.404173402544179439e-01
-1.392304831985455849e-01
1.092632074233793382e+00
-3.896454245774059189e-01
2.917436048135133575e-01
1.954557612452679116e+00
-5.080031437299279418e+00
4.398020488557737195e+00
-1.617812897051965848e+00
3.151354263200254913e+00
1.789231739446360159e+00
-7.081255581625070405e+00
1.360741476343769740e-01
1.565881272950275793e+00
2.507916598654798435e+00
9.814111663679488728e+00
4.434613215330564628e+00
3.919754047336017511e+00
2.106548767172459868e+00
-1.468283334836357312e+00
6.925483433890466500e+00
7.710601961610970001e-01
-5.459580613456515685e+00
8.470729282599065435e-01
2.422997217549662352e+00
-1.102960068513487712e+00
-5.032680985166106069e+00
-4.210566394112454702e+00
-4.255084447132000847e+00
6.329211365752609453e-01
8.477553661430004439e+00
-6.298050339574055911e+00
-4.408306672470900800e+00
-2.069156593304010805e+00
-1.306638681983513184e+00
3.401635842359649331e+00
2.426095938087073023e+00
-2.401863487871790159e+00
-3.798181077629755986e+00
-4.180623613980177566e+00
1.001982728823022084e-01
2.690416426654007154e+00
1.740141805058616153e+00
3.662104805471438240e+00
5.041988107821286036e+00
7.965311277015079128e-01
-4.533128139741614326e+00
-5.306623067145585182e+00
-1.811299767883341794e+00
5.430921307184624069e-01
-6.161876955354157914e+00
2.351342152885480097e+00
-3.426984693060353138e+00
5.909323423042765810e+00
3.259393049054084557e+00
-1.264860118312902681e+00
2.513466540413183736e+00
3.708614239141212465e-01
1.130015850806176614e+00
-3.512189559177909537e-01
1.124952796472097560e+00
2.090436391559649110e+00
6.644941575373923826e+00
-1.806833346934728191e+00
-1.571451308186911699e+00
-2.971312147303478479e+00
1.541987147072866549e+00
-3.380767568364992925e-01
-2.449569282729577857e+00
2.860525629495078270e+00
5.951414488900264033e+00
-5.406091023893536018e+00
-2.498095429702089643e+00
2.866095582145252951e+00
-3.852281347636870912e+00
-2.933263119656384532e+00
-6.826255024332874566e-01
