2.909626068703720314e+00
3.226058046135327206e+00
-1.072112256793510277e+01
4.009572431382289359e+00
-3.396520885043439186e+00
7.606912693953074012e+00
-4.611638159647641899e+00
-4.109614225739083082e+00
8.505582092793924076e-01
5.014636024374325984e+00
6.119209339368452127e-01
3.129684711889199722e+00
-8.930086849089743595e+00
-8.092269045132374217e+00
-6.501249610817940727e-01
-8.576544218365995675e+00
5.822525158017253233e-01
-4.688292907168719381e+00
-6.371257435050483586e-01
-3.317979216365230410e+00
4.189226621608121093e+00
1.956303234013660575e+00
-6.676773528759191834e+00
2.679762926485267371e-01
2.254159628071603638e+00
9.104734808288419856e+00
4.572875611906107807e+00
9.197870395435435498e+00
-2.247016779259906727e+00
5.476108043272141401e+00
-1.174688690461055174e+01
-2.108058256261505559e+00
8.976774454031716033e+00
-7.046556370552290005e+00
-6.372359478994231274e+00
1.212670000413947768e+01
-2.704975806949848849e+00
-4.455815909077866621e+00
2.984391344978629235e+00
4.797901193078940807e+00
2.593028837385252583e+00
-3.926113351947702057e-02
-4.430434352871854387e+00
-4.713958739542790433e+00
-1.044344638661196534e+01
1.293906137755520769e+00
4.891556599077251377e-01
6.765859587840676426e+00
6.523896659161584566e+00
-9.370565515017048597e+00
-7.153635576442175292e+00
3.067873141916504398e+00
8.061755334144859120e+00
1.968602394147857204e+00
-4.617596059807111963e+00
-1.683709267001354704e+00
-5.682478192496930980e+00
1.732992565379176675e+00
4.997175965874506076e+00
-4.774751053033131853e+00
1.729034940835401102e+00
1.223646623121347332e+01
6.458621449537931269e+00
2.143836898076796338e+00
6.919746123339663768e+00
-7.026869856579784468e+00
-1.362576162198073426e+01
-8.348524255156863916e-01
6.089246950898366428e+00
4.032342529532175313e+00
-3.681741193948976143e+00
-2.396969874383789278e+00
-5.063853806611467334e+00
4.075244966382379097e+00
-9.673769131900096241e-01
1.134881997137359377e+00
1.261655763747555614e-01
1.459142946601456714e+00
4.172643289189640115e+00
-3.439997076700661793e+00
-6.218661999413493291e+00
4.449363960847312782e+00
-1.073312797577381517e+00
8.184906257850698807e+00
3.977496134698567332e+00
-6.797569877799134908e+00
6.827953652172905619e-01
-5.880270555850277248e+00
-3.033202359729529896e+00
-9.079844922440379662e+00
-5.018638694996905514e+00
-5.552638909280847024e+00
1.026544512634763606e+01
8.833896987107138443e+00
2.329867043736837395e+00
-3.294409089977811345e+00
9.799352300516462222e+00
-6.513326436041475986e+00
1.320491260176213100e-01
-3.960823356782387616e+00
4.376028381379732934e+00
-2.840575473262549000e+00
2.403054659136669713e-01
-5.002911129138689184e+00
5.699551978166178756e+00
-4.872030333393241541e+00
-4.072401907234270979e+00
4.858321839546823284e+00
2.401159964987744644e+00
2.280451651763906185e-01
-6.800008780624376747e+00
7.572518050803733303e+00
-1.334639060788260112e+00
-2.800691712751651963e+00
3.108041512870759249e+00
7.765635074888374234e+00
5.347329115151727486e+00
-2.294203129118706830e+00
3.255547407160512385e+00
-7.269113526336312248e+00
-8.513000415034309043e+00
-4.636831891525261540e-02
-3.075679239122672826e-01
-1.004092739302467407e+01
9.224769766209462318e+00
2.618978659101492745e+00
-4.579546744427091198e+00
2.037460739159397960e+00
-7.819310517919402237e+00
-9.041470421749355779e+00
-1.930623579100121834e+00
8.153015932017980916e+00
-3.823194261916376124e+00
5.961731123044643255e+00
-1.446889153751786949e+00
9.464299197005393793e+00
4.493142800591667374e-01
2.271775465556444829e-01
-6.928593854045758782e+00
8.653562675552990413e+00
-1.453285580096074003e+00
1.920573178462189556e+00
1.707150673810036157e+00
-3.473008399012849079e+00
-2.309017638689605079e+00
8.120087673373788562e+00
-1.611978928135297195e+00
4.515256331342767382e-01
-7.538269735170400665e+00
8.245727949741679552e+00
-3.217516003330683105e+00
-2.605221960045451368e+00
1.067949317134087917e+00
5.432439712647208374e+00
3.386558191441195298e+00
-9.324343482133166106e+00
-3.357077982534544258e+00
-7.265367650267824828e+00
-1.729425765476335641e-01
-4.091513730179991093e+00
4.068659832480846283e+00
2.760630934384364910e+00
4.536013580187587380e+00
2.400123525081130804e+00
-9.901309971272977961e+00
-8.653285437562422189e+00
-6.067096697143464112e+00
-7.716754712595498056e+00
-5.178271915256108748e+00
-9.193943090872764401e+00
4.002342830857323008e+00
-1.477371751902039954e+00
-7.585415510833272812e+00
-8.051419501653087618e-01
4.069698579678135530e+00
-2.464180220013912681e+00
9.209573459886026825e+00
-1.993850460964802673e+00
1.461677673478942285e+00
4.909392120789071612e+00
-2.431988788981557903e+00
2.850524126235234768e+00
3.834123315797795861e+00
3.010657761122974563e-01
1.242997938779924638e+01
-9.095799312942236980e+00
-6.484932260691065320e-01
-4.581736250163534585e+00
-4.953303327074326745e+00
2.790080213086614691e+00
4.403298022393952849e+00
7.186718458812764609e+00
3.593168921788325143e+00
-9.102522509926875838e-01
-3.695261168885798586e+00
-2.942140628413956627e+00
-7.239974856723723207e+00
5.182628781945464169e+00
-3.958668143489361135e-01
-5.351763690859855593e+00
3.713581901155661669e+00
3.103772298338744129e+00
-7.553550569383036262e-01
-1.292402996802719528e+00
-2.770449073260264683e+00
-1.323462360521018510e+00
-2.312084933470568870e+00
1.073931619917867231e+00
-8.338338004182581642e-01
7.655332973361135274e-01
-5.617237656229807641e+00
1.758956718780732897e+00
-1.446564441107637045e+00
7.919093612926481285e+00
-4.811560615986075540e+00
-3.090749584700162700e+00
-2.817666033143123805e+00
3.844232200483784112e+00
9.739963702999666850e+00
9.373424133031171834e+00
2.139009637466675162e+00
-2.018632717016720868e+00
-2.472818163309497663e+00
5.614943374733945447e+00
2.837397634080330189e+00
-2.339521267407764338e+00
3.132453928743270666e-01
7.173814269692082135e+00
1.513647077579188815e+00
5.130571990122723136e+00
8.492634424394555737e+00
-6.225993797151039288e+00
6.472546193414958182e+00
3.423383383543102454e+00
2.565681681612624665e+00
-1.955721919287902288e+00
2.377615715170925625e+00
1.400799115857513932e+00
-1.266239329766925437e+00
-2.321824857495437655e+00
-9.852787453823209418e+00
1.985944061003155348e+00
3.406309201273307607e-01
2.326034806639461827e+00
-4.481958206798662303e+00
-4.717746350434861569e-01
8.541626816493048224e+00
-9.554979992980827674e-03
1.125035290756594186e+01
3.371636026997221869e+00
-3.296253341734317832e+00
-6.885593945706453667e+00
2.570992672109844612e+00
1.627524499459100937e-01
9.246974592537942073e-01
-3.945796744748601093e+00
-6.828638949970249783e+00
2.246948088519717501e+00
-5.912955520847496871e+00
3.479840534559611953e+00
-1.451731643663844551e+00
4.129014003136270539e+00
5.331151265157146213e+00
2.432933734251703228e-01
-1.872312364291254028e+00
