1.130122646801117181e-01
4.044689261640921352e+00
2.126755326766825327e+00
7.281655899042956293e+00
2.296516893636102452e-02
3.798937175579795156e+00
-8.577567599282120980e-01
-5.779300801837088386e+00
-4.194220905974903602e+00
6.735966006181634214e+00
6.302935847640318556e+00
2.470378242337068375e+00
3.817176349605535979e+00
-2.451040514986296159e+00
-6.531333834644454939e-01
1.929682100859203331e+00
-2.445256391301510845e+00
-3.233464950584128417e+00
6.940378449671238403e-01
-1.678023452350593914e+00
-4.307976069543444364e-01
-1.860916787683031259e+00
7.762798949518656677e-01
-3.402751649741582174e+00
-4.696681051696067755e-01
-1.761444116789947056e+00
-4.414416653192358098e+00
4.335926671005903010e-01
2.569996668243770710e+00
3.779060377408335114e+00
2.946822766063785792e+00
-9.274666609863873035e-01
-2.255541804456839827e-02
-6.800778664319699907e-01
1.705498856871156654e+00
-5.926941783720842238e+00
2.835426488737446959e-01
6.078403890700719181e+00
-2.070900996458790999e-01
2.858888657256261734e+00
-5.152853562456082059e+00
7.605145866045477376e-01
1.062532504639804198e+00
-3.504594938489287159e-01
4.571512821500291146e+00
-1.744207343586757331e+00
1.974328150307265384e+00
-2.274615815702866861e+00
-6.535909469615058143e+00
1.498314495015569126e+00
2.993146451235573657e+00
1.311216270246539972e+00
-1.734671478277579393e+00
1.940241694488439750e+00
-3.333869144310747323e+00
-1.809512653995001497e+00
-4.336275133871145826e+00
1.155494506877733407e+01
2.847414573436072960e+00
-2.138904781064017158e-01
-4.382014967450632348e+00
-6.622803717798728229e+00
5.091447676011066292e+00
-1.486344544745822560e+00
-9.826903812168010788e-01
-2.743022697031149093e+00
-8.910935261072894242e-01
1.065662637620697684e+00
-3.224914440256625880e+00
9.229781797920466602e-02
-8.196336891262625102e+00
-2.551014033248611756e+00
-7.605061762031413153e-01
4.264603355485634850e+00
-2.191602869442909274e+00
2.571350723217387113e-01
2.813857414684755476e+00
2.638516921602242604e+00
5.645428339157986031e+00
3.905588838958685471e+00
-1.463862807499786367e+00
1.092464883322956437e+00
3.131269050766420037e+00
6.364414678607008824e-01
-1.192983339602422088e+00
-6.911703387585953706e+00
-3.262913036090626662e-01
2.101430385366691578e-01
-1.033379850670094635e+00
-2.264588619570474748e+00
2.549469498307797455e+00
-2.041848600259312363e+00
5.582100442790958184e-01
-6.055572461988814048e+00
2.522689313365358288e+00
8.102794558627390842e-03
4.092068273869838180e+00
4.825883079102177398e+00
-4.216383941874043195e+00
-1.490102860137459961e+00
1.099871366408420315e-01
2.240134693434343127e+00
4.535910132754787938e-01
3.117990576853602036e-01
-2.358693220659692003e+00
4.766378099003308222e+00
4.066226659925656683e+00
-3.466313418904359622e+00
6.310484434767431594e-01
4.293904949386941894e-01
4.846129262517401060e+00
4.815202436333808400e+00
5.709144272100302508e+00
-4.763464946081719553e+00
-3.464750665829350762e+00
4.922181859979026797e+00
1.948129270323504691e+00
2.291875508611902479e-01
3.489873176894908724e-01
-2.450800055219799489e+00
-2.441806066870911174e+00
-6.110425320327155241e+00
-2.886359655922448475e+00
-2.353319875805293560e+00
-5.314804365876939052e+00
1.123260843128061293e+00
-6.252223809352626560e+00
-1.617131521985100129e-01
-3.097609584871777511e+00
-3.022290229066408873e-01
8.186403363607661632e-01
-8.174871495852125136e-01
-9.584623788759193408e-01
1.127605215178142606e+00
1.550459750967109862e+00
-2.563302877776614253e+00
3.987037168160948220e+00
3.639754713204155223e+00
3.906323602599361955e-01
1.205256030346347096e+00
9.406074431870625752e-02
4.249919664947234388e+00
2.114500257029241936e+00
5.219990219105918428e+00
-3.109678967374109426e+00
3.000901168552503329e+00
2.447164870471934872e+00
2.881892538762076406e-01
-1.325591885214983279e+00
2.629404192350501823e-01
5.998964724773362178e+00
-5.151588089035982421e+00
2.187823650829830768e+00
1.894897414394294932e+00
-3.784835588033068632e-01
1.198506302713475691e+00
2.807227395399677583e+00
-3.505667419376785165e+00
-5.846047918794960996e-01
7.400680425979335730e+00
1.454435503736857482e+00
4.580157892547152443e+00
1.652933155501521423e+00
-4.040562825336690977e-01
3.807772874901576010e+00
5.905924013270160700e-01
4.688259338827749367e-01
-9.408364477111206270e-01
2.111257391592056720e+00
2.062175231230154893e+00
2.625510858674969583e+00
1.466751318736741361e+00
-8.191581773466225513e-01
6.749704442947853877e+00
2.939526860808685083e+00
-8.480279476075596179e-01
2.288504270117118988e+00
-6.219064202081659332e+00
1.929163429650510242e+00
2.192366493622780688e+00
-4.510362073215762102e+00
3.098406319614419591e+00
-2.101268733454781490e+00
-1.031138028661731099e+00
-2.230629837374432434e+00
6.868096287776646047e-01
-4.448967199504730630e+00
-4.545747789471120015e+00
2.021854800144032627e+00
-1.782401875219764786e+00
-5.080602298024619934e+00
-4.822040182711910816e+00
-1.025592372380570882e+00
-5.349291255001183742e+00
4.340644782989808714e-01
1.682877307387681265e+00
-4.093347728628199178e+00
-6.199475655066137847e-01
8.224804669743077667e-01
1.890561542659476624e+00
5.802541001836586609e+00
3.312723741844667558e-01
-2.944068861054693009e+00
4.361228803352270589e+00
2.820465393296228140e-01
3.071548491938020931e-01
-1.948004132341991657e-01
8.783045046499666775e-01
-5.640456092700040003e+00
-1.235317146109012221e+00
-7.262730121166611763e-01
-2.379865150611072622e+00
5.999369020750430437e+00
-2.250218556683508453e+00
6.618181432682401777e-02
1.538910544467033681e+00
4.401865443190196459e+00
2.139959830699205146e+00
-5.665568259151115171e+00
-5.882734768268399250e+00
9.733104075662479815e-02
-6.167208129805366035e-01
6.068447959747587106e+00
-2.031326999251770182e+00
-6.371094437445577796e+00
-3.684672753733066131e+00
1.211780657611625678e+00
-1.063040305755662995e+00
4.093732341963949306e-01
1.266064071776839217e+00
-7.191377203862046485e+00
-1.311133829697639808e+00
-1.651405462363004784e-01
5.826954221260127298e+00
2.553345058326785377e+00
-7.643662217319313612e-02
-3.987659048652892668e+00
1.633749523618780453e+00
-2.767931846246789895e+00
9.338448106841550356e-01
1.656591837992166694e+00
5.618727817863735652e-01
-7.322219043876279088e-01
-2.657181326674220578e-01
-1.385520564889630712e-01
5.575852207216964729e-01
-1.106015988682278461e+00
-2.364313220877771737e-01
-5.387013761631084030e+00
6.097776733344246303e+00
-4.380315900445539867e+00
-4.546702667228069039e+00
6.672848562711402032e-01
9.060768360117255060e-01
-1.575908264912705414e+00
-4.876016776504593864e+00
-2.130464460322742504e+00
-1.224099104818688222e+00
-2.877572735322796671e+00
1.412934461140008313e+00
-7.769794753824530442e-01
-7.905697377798106551e-01
1.238671491728422502e+00
5.291745411588591352e+00
-4.815691602105401259e+00
