-2.515480670300919819e+00
-5.762049363981271988e-01
1.000444136920329408e+00
1.135535992413708728e+00
-1.962711213073875305e+00
-2.271925703272066777e+00
1.683144736563862764e+00
-1.318504084573240753e+00
3.571245181234721677e+00
-3.833231445612209409e+00
1.234495345273857181e-01
9.061383340842429357e-01
-5.520787986995460805e+00
1.030161374026906662e+00
2.986536061721036361e+00
-4.469930460846398557e-01
-7.348089344235868570e-01
-1.780434767372223392e+00
4.402134702724482374e+00
2.453695339782350437e+00
-3.935187409979837625e+00
6.683166105650362177e-01
3.762806876653574495e+00
1.074161807798875046e+00
5.071713373344721276e+00
-4.967136869506004082e+00
-5.171896447577054023e-02
4.612582303371226544e-02
-1.468305231498215901e+00
1.499763755928579689e+00
-1.019953561130111375e-01
2.393755466656589448e+00
-5.190417673967670176e+00
-3.085279404483339150e+00
1.342299949763811728e+00
-2.933351923585732823e+00
-2.709560318422805647e-01
-2.755963918871791929e+00
-2.546515424834749908e+00
3.513258951226410076e+00
1.786977727491682932e+00
6.102453039734286877e-01
-1.420522728046045291e+00
-9.991131880934118747e-01
6.841066419722898750e-01
1.933034264038137717e+00
-2.471734351420761033e+00
1.942055896249812896e+00
-6.302836653701760383e+00
-1.044227838617870940e+00
2.364323717965450378e+00
4.864476695706994591e-01
-2.960669654387634964e+00
-1.799138774121855633e+00
2.729585417996567287e+00
-3.515298354377716095e-02
-3.538340798163909007e+00
-1.526896368469219167e+00
-3.752755586294668433e+00
3.816675744547126214e+00
-3.700039939686156742e+00
-5.396784146608375465e+00
1.915978346325933224e+00
-2.713556003846007147e+00
2.033085488383937545e+00
-4.627026789392960082e-02
-4.385664863946561631e+00
1.411539290261005775e-01
-2.010367028593375682e+00
-1.234568779521323600e+00
-1.782768946960377576e+00
-6.904174312189748086e-02
2.673208577754443649e+00
7.615446091526257177e+00
-3.187168849329788500e+00
4.258115399045815153e+00
-7.613451037526410836e-01
-2.680986034654503136e+00
-1.077826184339951254e+00
-2.118094765791265210e-01
-5.328219789978405174e+00
-2.048154113586369007e+00
1.166401355604864021e+00
-3.606784452934291618e+00
-4.854885004929545000e-01
2.935880191374769854e+00
3.148426079232317321e+00
-1.028175611899522224e+00
-3.606308293243240537e-01
-4.372447009602957735e+00
-6.194681130143608883e-01
3.672103120578163349e+00
3.906837223217024757e+00
-1.735008699084815698e-01
2.274514958737546610e+00
3.584629793015532417e-01
2.061040519115698633e+00
-2.927060216082895128e-01
-2.506641872890608802e+00
4.473577915433534891e+00
2.855503630046501762e+00
-1.513523491019460820e+00
-2.759323236193007567e-01
-4.673288519760767201e+00
-2.273618155485988890e+00
3.418436234330237689e-01
2.642307778987384559e+00
-4.682806018259034531e+00
2.683645427861868882e+00
-9.423310318158300003e-01
1.988141044626546616e+00
-1.547276534743238896e+00
4.653703928648361021e+00
4.372692391922435640e+00
-8.729411741675537906e-01
-1.582557429464189536e+00
-3.615982757363148892e+00
-2.486614036848903808e+00
-5.894596062752250898e-01
-1.348610821247551161e+00
1.598126452531889008e+00
-2.837577417934224133e+00
2.717656502355823456e+00
-7.349623855984477316e-03
-5.467951585794480707e+00
7.075135702632441292e-01
1.014540139633168581e+00
4.130267226825578675e+00
-5.994635425909513593e+00
-2.226004627646588130e+00
3.418805645555091033e+00
-4.363195335370671835e+00
-2.362557557205044567e+00
-1.983570607590862789e+00
-4.398856607406170127e+00
5.592180850080125110e-02
-1.479585519600457033e-01
-9.854902178313530436e-01
-1.366964347031288218e+00
-2.551339369787727129e+00
-4.971171880879891702e+00
-1.036755366909090093e-01
-3.791685429889161796e+00
-7.633187844258566557e-01
-5.010149465116522371e+00
-1.274810633489042999e-01
-8.845096437031862990e-01
3.494991126419725869e-01
2.793243973490456833e-01
-7.271250715949442167e+00
-6.569536724614609469e+00
1.247362265718034768e+00
4.488061942135717075e+00
1.808296918286230737e-01
-9.551469596906783099e-01
1.812460321021621246e+00
7.339557167376238311e-01
-6.056844133992702606e-01
9.816146408068981977e-02
2.257897875412252731e+00
-1.627424382440495698e+00
-2.679212270655062511e-01
3.377844385928716164e+00
7.306911470074919368e-01
-5.988243418767323689e+00
-1.751246405534614414e+00
-2.473351735292941722e+00
2.656341260706584606e+00
-1.714852579573669933e-01
7.619658528896893213e-01
5.223154196474810718e+00
-1.020954058848825952e+00
-2.762750755712843009e+00
1.958971967549964388e+00
-1.296753080475063769e-01
-1.302971015594642790e+00
5.301941033496599509e+00
6.584725010158196667e+00
4.629694561136830644e-01
2.945670485990198983e+00
-5.021482415595221127e+00
-4.963340400917339301e-01
1.634602588143730717e+00
-4.084772889029147258e+00
1.288689902425453893e+00
-3.388139281705353056e+00
-4.198709495573749173e-01
2.575498753645863115e+00
-2.670593724885014897e+00
4.181381720480540132e+00
-6.754025978574856204e+00
3.870689786066300542e+00
1.146663315771809799e+00
-1.850246246082255297e+00
-2.934242840478941794e+00
1.408358957356724783e+00
-1.768417043582623194e+00
6.179092368393678036e+00
1.496978813083255089e+00
1.604725496959626518e+00
5.424467359326952121e-01
-2.826122120470325960e+00
-4.350067738088032598e-01
9.406701878777392611e-01
1.039132855528603905e+00
5.964300603446191396e+00
6.342998145555795553e+00
8.868055851810653367e-01
5.423756465907534352e-01
9.275538266415630506e-01
1.464388755411697662e+00
8.554882515910938068e+00
5.487485344301178181e+00
2.201653174716410089e+00
5.840992676855965016e-01
2.787616486932256166e+00
1.992087770502985578e+00
-1.754023820366156006e+00
-2.605589112337011848e+00
1.721782105602419177e+00
-1.885012894882891699e+00
-6.261741370081029601e+00
-3.205419741883372087e+00
-8.485714460027146133e-01
-1.149101924225873095e+00
-2.500613573043528604e+00
-1.488667923480543553e+00
3.190898458606742594e+00
1.648394083872340987e-01
-4.366595726027935331e-01
-8.362838037366211452e-01
-5.589053425939678910e+00
-2.362477958352733332e+00
8.018116636168395317e-01
1.257394667275516742e+00
-7.667825445597804546e-01
7.218741329752726976e-01
-4.187414742938288525e-01
3.593555249100494287e+00
-1.450967973045118597e-01
-1.224039058981757799e+00
1.325324655215281533e+00
-5.780022227539614477e+00
-4.906722100779082468e-02
-4.690501866476099124e+00
-1.475428674790930650e+00
-1.046615269876770338e+00
5.948125181021776120e-01
1.024043227923473687e+00
4.220243240712952648e+00
-3.357144163451155627e-01
6.924844998759535741e+00
-8.652278842668466030e-01
-1.395033669876452276e+00
2.195495291031937413e+00
8.396877001298131304e+00
3.881964845471630454e-01
3.876969453197294246e-01
-2.598848643011997250e+00
8.917132472732522963e-01
-7.815839023194572910e-01
-1.864803509757958055e+00
2.948441523588856139e-01
1.706285987341671362e+00
-2.471917069190471938e+00
