4.659223873486610046e+00
-3.021163321287713366e+00
-1.532168039298588802e+00
-2.194334751890810509e+00
2.194072944575261808e+00
-4.059040138392379760e+00
9.841991412898494218e-01
2.365793364041199887e+00
-1.436077077431955562e+00
-1.841505224437741006e+00
9.270030879997435136e-01
3.749912492324530611e+00
7.888490705588202534e-01
1.821979711394110968e+00
-7.068432556147286050e+00
1.800235264963534032e+00
-7.308860124825771187e-01
1.593368959523229211e+00
-2.135607274660213939e-01
4.530598438076056667e+00
-4.871939047390889677e-01
1.751813773288889209e+00
-3.262542684202332843e+00
-4.459944069236412290e-01
2.231080863168789286e+00
4.411584383127651776e+00
1.844181838342664470e+00
4.857558034760211640e+00
-3.479719196717707241e+00
8.657720363528895291e+00
1.514775725757080416e+00
3.697230503364543619e-01
2.046739570727334367e+00
1.622467150415761061e+00
-5.191755724670563232e+00
-3.574031830554367239e-01
4.068595254766953495e-01
-5.492985096931057853e-01
-3.264348993033405755e+00
-2.983174215145063535e-01
4.340811972172109456e-01
-3.889283338358507258e+00
-4.054542739055694511e+00
4.044534144231755057e+00
-5.004862563987377833e+00
-1.519956661586705282e+00
-2.680925229804298482e-02
4.559043197798989588e+00
2.995698624421637923e+00
-3.487407569042532351e+00
-2.554208420273162972e-02
-1.849468069439817342e+00
4.148203701562793277e+00
2.616410755186420189e-01
-2.573793449294999203e+00
-8.539611979459835744e-01
-2.817811405871553099e+00
1.476080058825133934e+00
-3.553180179721500132e+00
-3.789852280485472402e+00
-4.620838820277231918e+00
1.151239645234098941e+00
-2.748816049437969866e-01
2.696198064936925931e+00
2.371505308535414080e+00
2.023173228018111391e+00
-3.490201450191271260e+00
2.391619265606443445e+00
4.203414452666645040e-01
-6.696833952847101035e-01
-4.187518423235330189e-01
1.709153796405902259e+00
2.871370107910012237e+00
2.316758970415242924e+00
1.812822343761620658e+00
1.867625264514037653e+00
1.395946709769992022e+00
-1.646474620864324834e+00
-2.287529082998674745e+00
3.968353447253534227e-01
8.187336444275079561e-01
5.226092298990825391e-02
2.941942764478667538e+00
9.772481361692051394e-01
1.126280162275783425e-01
-1.740883596657306853e+00
6.176084557659633489e-01
-1.489921977266382980e-01
-1.717376547940943965e+00
2.815862464408975807e+00
1.318203709385991296e+00
6.257893332651152107e-01
-2.214571640528978591e+00
5.294538625697862599e+00
-2.089012793973413107e+00
3.826094560935947797e+00
5.682523239746397614e+00
-1.385493515340933790e+00
-3.785478995342558495e+00
-2.034707255150784988e-01
-9.378322260881802874e-01
-4.553115752856529141e-01
5.663480175344233203e-01
-5.681202734053066195e+00
2.608761700113860549e+00
4.637015772586526197e+00
-2.946035579244322022e+00
8.072793282569010742e+00
-6.437688085104944058e+00
1.413978075677182922e+00
-5.950689628382699325e-02
1.924993637194591045e+00
-1.038978385790056080e+00
3.842806787858643158e+00
2.583763866473253401e+00
1.854449098552799491e+00
2.637414707418002102e+00
4.834151021860151332e-01
6.262049525588672338e+00
-3.947396890425372895e+00
4.463535331559846497e+00
-2.094927309946916782e+00
-4.201075037866989881e+00
3.493756831648163530e+00
-3.187346968320712293e-01
2.699652980387294399e+00
4.282775993339501541e-01
-2.525623906054788925e+00
1.099580385681766970e+00
-8.296594578896243632e-01
-8.406970644368473300e-01
2.783593933593200731e+00
4.717645699944851501e+00
2.773167664854673919e+00
2.046957748904176366e+00
2.239570253376319098e+00
-2.555661640291172709e+00
9.543517949443474091e-01
-3.708596192779261003e-01
4.577926533385895169e+00
-2.848298336778872564e+00
1.172465934965171375e+00
1.645098355201986884e+00
1.905897893387110020e+00
4.744975416673053559e+00
-1.373618276933122662e+00
1.663214793909980393e+00
-6.697761826753745318e-02
-1.720694922663929205e+00
-3.568201686442933784e+00
2.170107988498233276e+00
-9.717169897932853573e-01
-3.457905886773279924e+00
3.723663802102047615e+00
1.313535186554625422e+00
7.533840146051009601e-01
5.179785985094705225e+00
1.058936377727929923e+00
-4.081314151078172969e+00
3.217052552240278196e-01
1.354856292997636658e+00
1.238639105967799026e+00
4.091423027170492333e+00
1.703787613850482607e+00
-3.663477258769685108e+00
6.860119364634906791e-01
-1.354828983272110321e+00
2.904166218854594916e+00
1.644867125149131581e+00
1.484299894140635345e+00
3.852828412691802207e+00
1.884942527972741644e+00
-1.910281910571116626e+00
2.122427174079768886e+00
1.936815186500385977e+00
2.214681327265493938e+00
-2.939168083793290975e-01
1.901034366783056040e+00
2.529484662769150294e-01
-3.018859017227662811e+00
1.343986282626433493e+00
1.255122498125460950e+00
-3.194249549573326963e+00
8.611156834539932525e-01
-9.830763386282197480e-01
-2.228116065879647500e+00
-5.568521920006071824e+00
1.855230228763522504e-01
2.477980499182761420e+00
-4.994301203480844720e+00
-5.528287393157229168e+00
-4.263120651646525872e-01
-7.576305150787625564e-01
1.460056295261681569e+00
-1.231172734993242202e+00
1.573095774006264325e+00
-1.536153709175214210e-01
-3.427109669558288552e+00
1.999255576529525236e+00
1.739589973090575281e+00
1.338313326310097251e+00
1.660420932769530289e+00
-3.181508619470114319e+00
-3.077780881982179473e+00
1.790231074270684619e+00
-3.208882780643746102e+00
-4.582312413615845514e-01
2.039236496455128389e+00
2.967724360529031102e+00
7.905069302622886873e-01
-4.036324797614307514e+00
-1.997887643362921573e+00
1.231894047460874386e+00
2.778928548065319415e+00
2.489118074905350753e+00
-5.404456504564857156e+00
2.529795275766372864e+00
6.425466095956138268e-01
-2.527986125928815664e+00
2.361975366556737121e+00
8.080355699222905308e-01
5.397319219440361859e-01
3.082513802372801148e+00
-1.107813475074919340e+00
-1.799666744807871588e+00
1.278086991576400377e+00
-2.704558764763127510e+00
-3.859584344471707951e+00
-9.690111268381627063e-01
6.049123322863341201e-01
1.117285420868628698e+00
-1.896461717553404203e+00
3.920319916951886530e+00
-3.593165565325913580e+00
-2.079081988803715753e+00
1.103241352558014476e+00
-4.742045145669311346e-01
1.049612304367675275e+00
9.849966302231476512e-01
-2.380129906832069153e+00
-1.422071396396285436e+00
-1.218697655446591810e+00
2.305862997698457928e+00
-3.938908315530027515e-01
-4.359400601719242374e+00
-3.355993629127486777e+00
-8.663200459771689399e-01
1.271565130427390500e+00
1.910237296385923322e+00
-2.968924916148103055e+00
-2.577406067635081399e+00
-9.014620689536911868e-01
1.782618073473899223e+00
2.320849815642516578e+00
-1.883665877712959569e+00
-5.286128039305482140e+00
-1.547921100251808291e+00
4.783667986838260333e-01
1.313264022096644723e+00
7.950415952718457469e+00
1.670698489583114732e+00
4.043976348005461574e+00
1.248364729610588419e+00
5.569577211963309793e+00
-1.148723480528115459e+00
