-1.593075277638911436e+00
-8.925441835369239740e+00
5.928279917707976132e+00
6.736169721446321645e+00
-1.153432434951614294e+00
-3.213309918863653358e+00
6.713948901735068420e-01
2.849385551024242513e+00
-5.943003645551194758e-01
-1.182211072023448217e+00
5.853621686066399210e-01
5.269179515052245577e+00
5.592340554181767232e+00
-1.369113865797543905e+00
-1.662108279409394873e+00
-1.807745350551752228e+00
4.365405718550348979e+00
-6.121967918072095394e+00
-2.328016270075770944e+00
-8.690685647498488375e-01
-1.398410551099006360e+00
-4.205383316666447824e-01
2.083146354166898195e+00
4.261171840986456516e+00
1.785364966333715886e+00
7.488083316089293451e-01
5.296374421026945889e-01
-5.181374460983891872e+00
3.150020047621460595e+00
4.435498229959563332e+00
-5.921278075752858250e+00
5.137820105071753574e+00
2.983184064193805440e+00
-4.345656966968068247e+00
-1.623655332245509120e-01
-6.037405441233980596e+00
8.535779521838154693e+00
5.085356118961882999e+00
4.979019618029045802e+00
2.712262696181067856e+00
3.272667959924068892e+00
-1.240068391875835951e-01
-1.060324523636909433e+01
5.668743881710052612e+00
-4.171435488132428482e+00
-5.778213984367718048e+00
-1.130249021778471974e+00
7.241377967622035783e+00
2.966519591935969480e+00
3.277368727707303364e+00
1.577532156035251987e+00
1.857395326692921955e+00
3.673252930045504794e+00
5.758431579802939737e+00
8.043180808913762192e+00
2.236177355153463331e-01
2.425958201826812655e+00
1.942039621832982066e+00
5.224781487270582225e-01
2.308114188112337928e+00
2.960098807278597199e+00
7.634021510185216464e+00
1.036687582372930683e+00
1.179702858269264132e+00
4.482316900553617423e+00
-4.248685799383183692e+00
-5.380087506406000530e-01
-7.501436297578539580e+00
-6.467110355662331500e+00
4.548757810279843383e+00
4.980517924950178532e-02
-3.368717894428864934e+00
8.955977055229585204e+00
6.363691694409947530e-01
-5.859831941330207350e+00
-3.958419832384381110e+00
-7.071396857824187032e-01
3.004598051108289258e+00
3.232943271236083937e-01
2.348572244252935981e+00
1.753970463755758491e+00
1.982457434439063165e-02
1.097479901685763259e+00
-7.437601531069895522e+00
6.450639476308408504e-01
-5.352282396817083843e+00
5.037735594190987598e+00
-4.804138160606070684e+00
3.395107006526608462e+00
-5.702747038018941339e+00
-2.087875352676008767e+00
3.072704050536524623e+00
6.357839456421393365e+00
-4.846961475250997964e+00
3.772375028154666854e+00
4.709471117138122942e+00
-1.021201941275568237e-01
3.694252289387377708e+00
1.037969703455413217e+01
-5.186673114637906146e+00
2.058929101696498898e-01
-6.295724373026978959e+00
4.855383413074294552e+00
4.961885953944437100e-01
8.006363251038547402e-01
-5.458827885080120623e+00
-3.191788316550742355e+00
2.245265198768964687e+00
3.472584896073452221e+00
4.398698194756585522e+00
-2.164826993439801228e+00
-3.100884526463844271e+00
-3.073057221732312438e+00
2.889408552338880387e+00
-1.735485073330631955e+00
-1.649561290645250367e+00
-5.216370750129181388e+00
1.106444867297267765e+00
2.780891190297575921e+00
3.566887984384706556e+00
-2.560394292009233741e+00
-2.795473997853744841e+00
5.769785598240103397e+00
2.306807325695655830e+00
-3.666317031884712474e+00
4.505790624212035134e+00
-9.506497591360146160e+00
-5.212942631111383562e+00
-2.823486553630776275e+00
5.218528547254954741e-01
-3.171351535808841327e+00
2.717678720843488271e-01
-4.332286809460143218e+00
-2.681835074424297805e+00
3.017543237152710223e+00
-1.492994282573719023e+00
-2.379728632392346110e+00
5.445871840557896526e+00
6.627762386141210271e+00
-9.574981961977836464e-01
-1.264652116596775844e-01
-1.604903226607091948e+00
3.180084730337698229e+00
5.534650435877773722e-01
7.435060180559399434e+00
8.614925249576377286e-01
1.742911785557497817e+00
-1.833409239119206502e+00
-2.323630540502506392e+00
-9.202016238835927453e+00
8.837036811327557473e+00
-1.297300384237756732e-01
2.114359387408846214e+00
-6.373869325002754493e+00
-9.990704682358161337e-01
5.619748463207081990e+00
2.461367793911475865e-01
3.148217952275287779e+00
4.686608901888630996e+00
1.180558238336258281e+00
-3.073610254468288172e+00
-6.347796631788341415e+00
1.773187470056840187e+00
2.244242104358786349e+00
-8.566876304530183006e+00
4.735841644033655373e-01
-2.045666939861169098e+00
-4.662220162419633773e+00
1.029509577973301671e+00
-3.038834376908772672e+00
-8.410182440460510778e-01
-3.422748867631639325e+00
-3.135468024629502193e-03
-8.059562751131590375e+00
2.854765720319240030e-01
-2.948471274088340088e+00
-6.895316541831189028e+00
7.858878785695205593e+00
3.670723574259691091e+00
-3.454952346697168775e+00
1.313392265021423588e+00
2.103163475396647719e+00
3.613013214686899843e+00
-1.762305364654057627e+00
-8.395934800507066642e-01
4.061913271412305626e+00
3.206319731926816630e+00
5.712686671642048353e+00
-7.537359479589983202e+00
2.514244832838591570e+00
2.370268199389680586e+00
-1.179400019080452999e+00
2.865653011618620738e-01
4.495163244872951935e+00
2.549949932882312087e+00
-4.258751334239243569e+00
8.187950803932844579e+00
-9.072611038075072409e-01
4.764058351274739422e+00
3.861785215396087434e+00
-3.964995760233665845e+00
-3.971789974592385253e+00
5.286879156145826153e-01
-6.453837187259683361e+00
2.689134338358109555e-01
1.997543487074488811e+00
5.455747885875098291e+00
-1.685723830465919892e+00
-4.521847472788410371e+00
-7.592780711835419361e+00
3.031440585378981645e+00
-4.344767652717123951e+00
-2.139209929442143832e+00
-5.182462370026262866e-01
-2.848604256775206789e+00
-8.734768770374368163e-01
5.381411071458336082e+00
8.042345312083899245e+00
2.377733206294335933e+00
-6.184277510904769848e-01
1.559943166922663327e+00
-3.273562296531940863e+00
-2.734701659080538416e+00
-2.090958257573631296e-01
1.176884078993079008e-01
-4.566447497105799336e+00
2.532067859052407943e+00
-7.662990024312204440e+00
8.915505224791502314e+00
4.917884951152705852e+00
4.336354343257372790e+00
4.735929793417573919e+00
1.604919446660842519e+00
7.489363670094670855e-01
1.660284024225205712e+00
-2.268985733494342405e+00
-4.653701309312011092e-01
5.058716386573336443e+00
1.324084664092062491e+00
-3.551649937481770269e+00
3.841730955107411027e+00
-1.487204752461092738e+00
-7.088181260780157089e+00
-1.302511595441044889e+00
-2.873410633036950657e+00
1.715154476690581520e+00
7.572160028243646313e-01
-1.688592357358466911e+00
-1.251556649692902257e+00
-3.857095547536046443e+00
-9.032640002668797408e+00
3.555694061472343570e+00
-7.340674376046391281e+00
3.062493732905590793e+00
-1.397762250118496974e+00
-4.344387463251519144e+00
-1.530653804512368765e+00
8.177933804147130559e+00
1.571150307078719388e+00
2.217088366355887352e+00
-1.280158281288332756e+00
6.382308409688762119e+00
-4.074161129855053076e+00
2.789178613739250245e+00
2.056902224890750475e+00
