2.553737514602336667e+00
-1.494658525716809905e-01
-5.984588099968247477e+00
-3.204951529561828050e+00
-2.247516516837928080e+00
1.034453418803744196e+00
-4.154845585956169707e+00
-1.023607444635783903e+00
1.601162036052460103e+00
-2.423937630348061312e+00
-2.500135227351737210e+00
-5.315833553693131819e+00
-1.555744752325060709e+00
-1.094484669518583697e+00
-2.064213617719275362e+00
-6.858097870244878713e+00
-3.057483435979381881e+00
-1.578591264471186584e+00
-2.038409226250690320e+00
-1.021829267361866300e+00
-1.949723147956077041e+00
-4.152160354449411450e+00
1.200861397433819810e+00
-3.420756720213590452e+00
4.409033706084378501e+00
-3.728641779971268555e+00
3.193418950315796145e-02
4.916144942336510226e+00
-2.370310564058966118e+00
3.571500482267497834e+00
-1.211212241588248695e+00
2.358552124761030377e+00
-2.686887533974435360e+00
-2.157365066002196130e+00
6.640805804126443945e-01
-2.360668771611879047e-02
2.904293559651085488e+00
4.118344057997362029e+00
-1.684217807529119426e+00
-1.537812721174361075e+00
-1.351060839171682737e-01
1.259202936943167872e+00
1.535653332113914749e+00
-4.717071027187147436e-02
1.192704561801253949e+00
7.160455199186042119e-01
-4.615746162000109454e-01
3.624077532713151140e+00
-3.153441244676602029e+00
3.552586014052103280e+00
-3.150017120859899933e+00
-3.003515738909318777e+00
1.943098049409603512e+00
2.500041382345806085e+00
4.362685213067272194e+00
1.969713807611752632e+00
7.151027280433417843e+00
-2.935183774907383913e-01
-1.891514049660804275e+00
-1.671426365011592807e+00
-4.369599120823279392e+00
-6.241468309182672591e+00
-3.798904882105465397e+00
-1.183638955451036034e+00
-4.862367928770772174e-01
-1.473743100434710129e-02
-5.313557876844781092e-01
-1.908708177559880870e+00
4.770600389399932695e-01
5.583191731173640093e+00
-8.913872233374355858e-01
2.218885656991190114e+00
2.627755948616732340e+00
3.341558816888074546e+00
-1.842311549664098491e-01
4.449970106938123671e-01
1.488481434339350651e+00
-2.384663188007900558e-01
-5.414370042432325114e+00
-3.427576573471421639e+00
2.439538696852530109e+00
-4.550816861375421851e-01
-3.217421327801306852e+00
2.685863291701255928e+00
1.482438274213304652e+00
9.112213727219931059e-02
2.168262982975442732e+00
2.004269893450945972e+00
1.131889771625751440e+00
-1.693931090212156043e+00
-3.226519435178296202e+00
-3.689184354118210329e+00
3.341215217870231236e+00
9.482498938093266716e-01
1.868391060888451527e+00
4.730987600779409163e+00
7.012084330208967486e-01
-1.571483869243946341e+00
3.871862348929040465e-01
2.991441217326350266e+00
-2.161116379162625112e+00
-1.976157854452701423e+00
-1.929159107055689049e-01
-2.480028502755216913e+00
-6.945293080926817630e-02
-5.185089012432157141e+00
2.007985819223721879e+00
-1.052077179381239791e+00
2.903088362021235103e+00
1.721974987316876593e-02
-9.155959714750352418e-01
2.152444669586854431e+00
3.990017959579672535e-01
5.531160715853014054e-01
7.752707277870918290e-02
-1.176745247163468511e+00
2.120913727452302666e-01
3.994109892259951167e+00
8.358704721018974659e-01
3.106351247403522642e-01
6.525083541978458079e-01
3.102132366399914520e+00
-1.402537299999730536e+00
3.603170226597777859e+00
-1.373665692687950468e+00
2.338305603483547657e+00
-1.323994756045086874e+00
-4.783853905948143748e+00
-5.765130613897511580e+00
-3.878726257270893374e+00
-1.743653068377211124e+00
5.004743867231571386e-01
-3.233380987781252713e+00
-2.050554123780450322e-01
-5.380531552900390757e+00
1.580316498192544383e-01
-3.112545024501277569e-01
-6.293349678319182239e-01
-5.010606684319526494e+00
2.805484087550688344e+00
3.098603663113916440e+00
3.755652983701017966e+00
5.384189779717731827e-01
1.940523174795728334e+00
-4.406073284592477712e-01
9.962801326335757324e-03
2.640893803447402544e+00
-4.105331383473824758e+00
1.202718846821120291e-01
3.951212956874986748e+00
-2.702531840009593456e+00
-2.010804432277264908e+00
1.530750883379821126e+00
6.101501482988385128e-01
-2.752123374096124842e+00
2.240564477622830619e+00
1.642323195314567830e+00
-4.907937764302656269e+00
-4.193839635325229409e+00
6.172437181179266652e-01
-4.110204723511019509e-01
-6.283437697818934353e-01
2.219407216792284032e+00
5.543085719033720160e+00
1.636136665572523796e+00
4.669269434739871549e+00
-4.130301640283597919e+00
-1.239908693620234370e+00
2.924530186274850951e+00
4.420047527524566533e-01
-1.417718750883416812e+00
-4.844610933827970811e-01
-1.837806687238519032e-01
-5.406781557118716108e-01
1.682123365629641487e+00
2.509535332641736449e+00
-1.336245233044941916e+00
3.718743558988977682e+00
5.513462020993861401e+00
7.364165384530316771e-01
-6.293909576919221038e-03
2.603159500360320955e+00
4.208044712403998133e+00
3.547515627823308870e-01
1.259299684787227314e+00
1.702734104504495249e-01
-7.191828329683858101e-02
1.776967214919897842e+00
-4.525509553186959355e-01
-8.335925799720722562e-02
1.561289399308220638e+00
5.104176113612811427e+00
-1.048665476124797991e+00
-1.875112154438469236e+00
-3.015639599666680493e+00
-2.423829915127762025e-01
-2.843225520725833899e+00
-3.859751277692252458e+00
-3.091172011637812744e+00
3.538852513268269107e-01
-1.663732819971817989e+00
7.533819288143561721e-04
-2.914894894662806824e+00
1.091684008255798588e+00
1.030243064362863947e+00
-6.485481895199041169e-01
6.221541633015055695e+00
2.315190062141461169e-01
-1.316225542104529689e+00
-1.308028275723365219e-01
-9.974144035905045946e-01
6.790941626347888338e-01
1.305062395306134437e+00
-2.047325202960845747e-01
2.399718773924242043e-02
3.409695696038108181e+00
3.249759882443096881e+00
1.594565044857172875e+00
-1.529073865312021496e+00
-2.944788521111974866e+00
-1.689842288069685949e+00
-8.849288437629390103e-01
-1.442245257772380329e+00
-2.654141573051485459e+00
-3.377791696449483183e+00
-8.086084383764725603e-01
-7.804926261155951117e-01
2.494991893582284348e+00
-1.869485805427228753e+00
1.093067554363497562e+00
5.183365145726259726e-01
2.340056061555041200e+00
4.420126672905214882e+00
3.738645117377096927e+00
-9.011697277500081427e-01
-8.384881317967440850e-03
-4.184839670098453368e+00
-5.889311338216227654e-01
1.057466126511247051e+00
4.020778485338688313e+00
-2.840428001654697887e+00
-3.761505706987930076e+00
-1.181614444482248061e+00
1.358826897788609323e+00
-1.308666222416662084e+00
4.501259843011929718e+00
3.663215721386530177e-01
2.059335527905302499e+00
-5.259912607898364456e+00
2.813696561852427891e-01
-7.949184146841570264e-01
3.548404741003539087e-01
1.332179499343470575e+00
9.524389723635879434e+00
1.484716596154589174e+00
-2.184759912366545542e+00
-2.516952860278628634e+00
-1.728645794705810035e+00
-2.408192475954201495e+00
9.869765502349654440e-01
-3.128037267718697834e+00
-1.170030057519856115e+00
7.330684456639602331e-02
-4.971175511419234638e-01
-1.500884883795107427e+00
