-7.280468598146647707e-01
3.628335070312593835e-01
-3.720849005592952174e+00
-3.613283864913776622e+00
8.040795101395667999e-01
3.632919451652120379e+00
-1.473475512412784738e+00
-3.853790114510298181e+00
8.847059646763051344e-01
1.055506354006836123e+00
2.860389833133152759e+00
1.028993346243424867e+00
4.789944509963702801e-01
4.967288942840855981e+00
1.353969361389157466e+00
-3.945036437784978922e-01
-3.597570573774361513e+00
2.527938235452375171e+00
4.275431952973264060e+00
-4.810016203045133665e+00
-7.488053316035996332e-01
3.616838285311123613e-01
-6.427011996850094278e+00
-1.696426407449701745e+00
4.902079292604124561e-01
-5.132639703483930838e+00
1.325122023142796479e+00
-2.904514789247182982e+00
-1.194503278498702636e+00
1.995468928034260792e-02
-2.555105159301287454e+00
2.061262711802484660e+00
5.419985027027558466e+00
2.930234837545240278e-01
-1.815175939284355167e+00
1.904787688811014679e+00
-2.918709659058876582e+00
6.302570843022929026e+00
6.712503407806295286e+00
-3.466334298891343479e+00
-4.054930650006532744e+00
1.044846734787766351e+00
-2.762743755683101377e-01
-2.388740281489276640e-02
2.712872425129352116e+00
2.355080236368631397e+00
-2.187946033929132561e+00
3.149761311292226473e+00
3.172766461012183736e+00
-8.292963946922276008e-01
2.578231936558899928e+00
-2.416963639508549200e-01
3.164438677331586458e+00
-2.250251948406093216e+00
5.291703267205942751e+00
-8.011821875722873187e-01
-1.872714912058768499e+00
4.396995861320522891e-01
2.777382047653537800e+00
2.116800025230192173e+00
-6.567569808445471224e+00
2.430416830460685240e+00
3.350888331360588612e-01
-3.835136083820726238e+00
-1.402343010434037529e+00
-3.177137503350617287e+00
-3.437570982476776393e+00
-4.151682053987534537e+00
-9.542825058951075468e-01
9.406810685149480378e-01
-3.359243162221011936e+00
-1.753263549743494742e+00
-3.018273722490703470e+00
-3.013695388725765589e-01
1.713595950876244167e+00
1.390155129027427439e+00
2.028106633930931935e+00
-2.502882742905991442e+00
3.583658220149118279e+00
3.552250079927151027e+00
-3.523808462006450704e+00
1.428900759647966368e-03
2.378684140001878777e-01
-2.125178993945146200e+00
6.744541821824046046e-01
-2.251923255429371551e+00
-1.211803403026398662e+00
3.315849001719060940e+00
-6.221302545498014425e+00
-3.652897064964022000e+00
-5.126692961338901178e+00
-1.892192817347644995e+00
-2.321083279494534857e+00
-2.016888414279824460e+00
-2.596979401429840184e+00
-1.497870899509240239e+00
-1.784900802580267065e-01
1.235287753281246959e+00
4.297792235137951611e-01
-1.348155999987800335e+00
3.018435677806922790e+00
-1.247634887137643034e-01
4.364422786577999425e+00
8.046579852997144400e-01
6.517469805470099686e-01
1.230945459422115418e+00
-3.059450211876402648e+00
-1.917550920681813986e+00
-2.461050137662686321e+00
-2.894212174828871831e+00
2.627576880328595266e+00
6.809177043564647036e-01
3.821076658176774110e+00
-4.627759381856673571e+00
-2.986740097234031666e+00
9.481684609937732766e-01
-1.435651850083835113e+00
-3.335867899541476778e+00
2.554526504128403985e+00
6.835114138568387787e-02
1.047115686235189358e+00
3.819495163479237121e+00
-7.195854785746917948e-01
4.074248717228813987e+00
4.096022043700569881e+00
-1.172309817864167547e+00
-8.385370828898446316e-01
1.550642649336468892e+00
-2.304081137162002690e+00
-3.918039299988320678e+00
-5.489271116633389624e-01
9.167321664602918752e-01
3.081719013446312161e+00
-7.638428675346187191e-01
-3.963970214875612186e+00
-6.983330905550388934e-01
-2.533781205624459520e+00
-2.396007176925192272e+00
9.786262176748713459e-01
4.368776669066539498e+00
8.159572845022802223e-01
1.521405268767523467e+00
4.107503286478218385e+00
1.905238693793204874e+00
7.103818645900255024e-01
-9.640745292417445267e-01
1.544177414708371776e+00
2.707091882846204722e+00
-2.931412804049731147e+00
1.011567980023545310e+00
-1.422365243701156690e+00
-3.390414094930782607e+00
-6.554674111528777658e-01
-2.917726677487684661e+00
-3.583406389623391419e-01
1.674725495532533692e+00
-1.292893556334266725e+00
2.926307179944330539e+00
8.572627621585162672e-01
3.333857101162140957e-01
9.330268808130086633e-01
-4.693218702471252612e+00
2.963412754748446787e-01
-6.099802112803927034e-01
-5.578691084093014840e-01
1.500685536135598408e+00
2.288488654043819182e+00
-8.876525792724059727e+00
-2.212495811299348247e+00
-2.389998184292116079e+00
-2.341748818816304034e+00
-4.946779898675957021e-02
1.832747757448204062e+00
-1.477180354502115378e+00
-2.897969450555970994e+00
4.777746939374306834e+00
7.214457823329076813e-01
-5.198907921408041588e+00
-1.676538959944962048e+00
-8.397523243987889963e-01
1.930077503812200668e+00
1.906142044225173082e+00
-1.586951509165612784e-01
-3.737944383514206770e+00
3.663553776997904521e+00
-7.136262791988396970e-01
-2.221649426366488100e+00
3.785534448273283337e-01
1.949209612014891846e+00
6.063127765353156562e+00
1.019038478069134612e+00
1.037292379164300060e+00
-3.371627740390827910e-01
2.340577508390087491e+00
-2.715486245234040030e+00
1.572010244799955103e+00
-2.131110556645605669e-01
1.962703717465255515e+00
-3.481526647945627939e+00
3.290842213352288770e+00
2.167986524957861150e-01
5.712517378751180708e+00
2.508084320607849804e+00
6.422555493074346700e-01
1.467463535647876460e+00
5.756261685317512367e+00
-5.868550362576991919e-01
2.830219024729736965e+00
-4.617176724393635467e+00
-6.273272332562108033e+00
1.744111943778801965e+00
3.639433957790514373e+00
1.861334943208420967e+00
4.709503900583387193e-01
1.554335432733656042e+00
3.381517428997504737e+00
1.468852486432160376e+00
5.111786089446634929e-01
7.745852889723382262e+00
1.656727640276181468e+00
1.302263419261752375e+00
-3.270727943170097074e+00
3.718158663654802965e+00
4.615782844355895698e-01
-3.521074594040256578e+00
-7.130157531580216812e-01
4.734970802380848554e+00
-1.591346216841313499e+00
-2.205003252687012694e+00
-1.883134059067470112e+00
7.026094672817366771e-01
1.326646939096954636e+00
1.052869810339444712e+00
2.550824096263515361e+00
-3.555386254998244677e+00
-3.032075847630582466e+00
-4.404130984546867467e+00
8.946345624537608288e-01
3.297391930104557112e+00
2.978420689734037730e+00
-5.615328706476767628e+00
-1.841765314156956990e+00
-1.501958509796192942e+00
1.730767131517525703e+00
-9.379115650313816221e-01
-4.998072520134744678e+00
2.415887898309718729e-01
-1.524701752736119076e+00
-7.975149902625995324e-01
2.690735366435671239e+00
3.351701408618257272e+00
-2.129421525441542506e+00
3.046186017838634630e-01
-3.141739418029639630e+00
-2.281065178918095349e+00
1.935496710038912882e+00
-3.566850685894492834e+00
-3.563424099985057492e+00
-5.872951856763089395e+00
-7.553977705201755377e-01
-2.164034093879619203e+00
5.186833777382505950e+00
-1.984353609774033966e+00
3.121512079472194223e+00
-1.460249586805373312e-01
