-0.7228398548450885
-1.166249914105856
-0.957325734570524
-0.9093007196962679
-0.7199428557426001
-0.16262349530701287
-0.9087475543076223
-0.9230073918749104
-0.014024749142083404
0.6096987514487989
0.13449371879976602
2.24952045448726
0.15676493743200506
0.28296773870517755
0.3006468387675254
-0.2968776926413455
-1.0397186693424891
0.6026197434227386
0.0827153291174746
-0.6931398562515028
1.4601770207165812
-0.319810101616998
-1.4080404687421895
-1.097667708441138
0.5293422248474582
-0.19315081430767178
-1.200431646446667
-1.3898964633925348
-0.24536897940855043
0.4704133904578478
-1.3527991842447418
-0.24475575982120595
-1.1138694604029409
1.1234206968533866
2.2100932590799953
-0.8625598224198799
-1.9267299283619983
1.244933518300223
2.054542512712329
-0.07164542846233923
-1.1621072103124042
-0.21820076988300874
-0.5725350943995213
-0.08336772867964024
-0.016954760680571668
-0.11911072335273845
-1.4753526961522652
0.4031394601258462
0.07426262411734733
-1.1047178147903478
-1.1575309631624542
1.804649276589692
0.17672025922521212
-1.1681689338893169
0.8622689729163213
0.045010500402132725
1.81165797216749
-0.052693230446039685
-0.07908212449541265
0.3207518862299476
-0.8041489937179205
1.9733358214724017
-2.476068120342841
0.10085507258604114
0.0922933703839224
0.4755611585333623
-0.8224139740098966
-0.7212457429372074
0.3452956554687724
3.0537679518187737
-0.4820924610512362
-0.28625758738047924
1.7142969090484914
-0.27566294846182937
0.14800689257340557
0.9336591954315906
0.7445302637812267
0.14618093890186012
-1.3231085969422947
1.3137206502135546
0.973536175125158
-1.0074711032455468
0.6468254009754162
0.17467465042702346
0.09447275612424011
-0.9268531790748049
0.4030974072699733
1.2154946070065287
-0.7442065452875812
0.18284504563968784
1.7624974638226143
0.6678415433133837
0.11413854685862256
3.0749547411643245
0.4739608879731094
2.169427741987293
0.9764136562261727
-0.6525135837105462
-1.0026540970096594
1.3382000040206137
0.016628256506867833
0.6398235899929609
2.4732645862027987
1.3026099357139824
-2.135862082937672
3.3779296834253083
-0.1605282099976001
0.18738711234240268
-0.10891682899849386
1.0696319832322303
-0.1596027312564653
0.7412407535656373
-0.3351302537160999
-1.6887846278161056
1.272850509243231
-0.5022078794496101
0.24856243290444785
0.6178474494893262
0.569627765245884
1.2119934832225472
0.4940734866697506
-1.1003909384571942
0.48878984261412334
-0.6006205741480799
-0.8816935167173945
-0.045166999152247034
1.567589169083715
-0.5342528756023832
-1.7796186275677883
-1.0817561091701093
-0.5403981635048757
-1.5493885227348714
1.1065024748308545
-0.35967745515229155
-0.584599739804625
-1.9596671112059434
0.9198272474339125
-0.3203369581639851
0.34881122332965964
-1.226274060529339
0.2595548827679831
-1.8870906678130137
-1.2832662901660992
1.1395557979445041
-0.521085734843923
0.3972008128537329
1.2790373317459725
1.3285373313997462
0.014627267498689422
-0.5472459786236081
-1.7592598398714747
-0.018869528506665456
-0.5635452166882746
-0.45735050408987304
0.059007543816814834
-0.6924255064682359
0.22863820459721623
-1.8460292118883728
0.5853665868888711
0.23004805441637194
-0.736895748062796
0.11356079428828261
-0.6720417310245381
0.29085120398558234
0.43973101100905504
0.13823226619531706
-0.21276074226946934
0.9839679089918933
-0.48489623391141123
-0.9916302387283329
0.05064789629855636
0.6570203616624088
0.8229649625203528
0.361517244983389
1.4732199384167273
-0.1847804093662555
1.4736661761360474
-1.0095935497564632
-0.13821508899654975
0.2545560395572788
-1.713399703439026
0.9787731012332457
-0.17902586629645278
0.17793933503694492
2.174013029959747
0.04282378903481396
0.7879281970919263
-0.8231337983235281
1.1090720668772118
-0.26898109788767954
-0.062343707848146246
0.9142480531693411
-1.000821765219634
-0.016694576078271184
0.22701684852874904
-0.5153666138639794
-1.7234728178421985
0.7349558185558204
-0.1493738968005973
0.14711647059040603
-0.9510126109955064
-1.2798523274484117
2.5055888929473262
0.5986541214442584
-0.5349495214231903
-1.8944271378705737
0.564712769962667
-0.31898408231933745
1.5208666838695508
0.488955598583955
0.6262679584816009
-2.2654278654335824
0.19482919980819885
-2.6852967616834804
-0.7364722906154451
0.12870865630024184
-0.13255890974118958
2.180299694194942
-0.309527200248862
-0.2521643639231562
0.4364446627105282
0.6048736942948845
1.6716267069152901
-0.5344868312020612
-1.193040166583862
0.16224363896498672
0.05285367757443385
-0.4983967617944895
2.04234953112741
0.6964217995152457
-1.0252208758641472
-1.7545688158636321
0.3138458819998327
-0.427304004191699
-1.395652644293818
-1.1553207038843083
-0.32845784306350856
0.3197111120029814
-1.1554018332669151
2.5000092449605242
0.9824433452837258
-0.19383018523810552
0.8110168178098434
-0.47727327441925926
-0.11463339352094416
0.4201752572868151
1.2041584502731064
-1.3567044478488093
-0.2098248609142751
0.4900995135002306
-0.35244746694298684
0.19223644009759355
0.2613601778977787
-0.4848269355519493
-0.7454110369533525
-0.4752746753365208
-1.263471514415871
-2.092019977614311
-0.7787351402062502
-0.944518831658933
-1.3579321824518087
-0.5655240842269793
0.27030950390978226
0.005481439015818358
