-0.8736150359285753
-0.15676660400167453
-1.5062855063472158
1.1103377713608664
0.3215326068202731
0.6012394063878328
0.512468169064959
1.7697359194953917
-0.5225462662435171
-1.7812661031128942
-0.1221700415006278
0.0964588311690718
-0.732925597005404
0.050814669953502284
1.82966484679373
0.5785928414122083
-0.8302691845011582
0.7760779037700515
-0.2994342339388216
1.6498594030840255
-0.1085755273733494
0.20513730123735607
0.49289022505935864
-0.31321255183878277
0.8718982782433269
0.384080076535257
-0.25356761321285126
1.1884756406120733
1.6845469778325544
-0.9100933637724681
-0.22683303809642952
-0.7045945170492031
-0.49614469018472596
-0.29582788687896117
-1.1782311371881438
0.9143482774064478
-1.1625181658576356
-1.4550145760627973
-1.3526543981147965
-1.386454621635726
0.9141759287512534
0.14235396074111037
-1.0636297193054967
1.0013844213781753
0.5504029970668418
-0.8342965821140664
-0.7832304279638949
1.169719915196048
0.516518489725868
0.01025673651666701
1.1457921540121023
0.0017344405857709425
-2.1482615581602387
-1.2686662933424546
0.6428931873004493
-1.0458935116339436
-0.7673821019046887
0.1673438215877735
-0.13831929487989436
0.5354881920367778
0.17602422106184237
2.6933039323693766
0.08362065849387472
0.372621617244977
0.9185571195843377
-0.014037200504499817
-1.300649599268832
-2.4935091315946245
0.639820591714928
0.031804799333304906
1.0476236901766187
-1.5783266206991062
0.9872934017997952
0.7222534187202753
-0.3219805733979437
-1.1169629690962306
-0.9348475055807075
0.5082661430003067
-0.053759275240210264
0.25798712773665433
-0.8598786530771798
0.16873188207858417
-0.9290058721661754
0.4532080110710548
-2.7191805381206864
-0.48550325978870246
0.2725602714132103
0.0199710094590516
1.7657867441448927
2.5113522131442148
-0.49129897866164796
-0.12008855969103932
0.5252197734477548
1.302130937267982
-0.5299804284609454
-1.097600825174598
0.8234407776659725
1.137865386021491
1.1093465678655894
0.0249761283660819
-1.0312395263880048
0.714540001310698
1.0717246696171787
-0.1616574857613305
-0.6330658837973423
0.1437017496904732
-1.3342025990278712
0.4770150371177936
0.5990055367398223
-0.39581407865016316
-0.21758606209974982
-1.0018990060702426
0.24928922031983858
-1.1301596680812382
-0.24529485773166626
1.0046117362924363
-0.23344980979129715
0.005250278572530839
-1.1662569459450915
1.2963337764142857
0.905529652176573
1.3663167847050888
-0.2870150749374076
1.8692388223534193
0.29460709710619404
0.7516911457034312
0.3450048572434149
-0.07775139627288008
0.2299321075674906
1.5018469780887929
-0.0718584861824807
-0.11752855417083694
0.45113085860069374
-0.008266140376720493
-1.645606217758765
0.6641659218501204
-0.051468387396591764
1.0622209255809933
-0.6193622432932921
-0.9238874107042611
0.22217633801428474
0.22287982617130803
-1.7142865896603947
0.002466703878476362
-1.1219897871688094
-0.5788749532249401
-1.2529748240482341
0.33127497218296714
-0.4507499520831447
-0.13074047374499168
-1.293223802351768
-1.075946413806666
1.2299105869079465
-0.20732776454713203
-0.7715828132755016
0.22772695081415462
0.1813378889412553
0.9467361815847222
0.23772738265487403
2.714570708373274
1.1586217178522098
0.22440222939892118
-2.058815438267915
0.8702843353766097
-0.2948167074930894
-0.7183038201171515
-0.003619808716702866
-0.721942717148281
-0.02403978552888364
2.190570535721067
-0.7689379009138602
-0.26829725770336793
1.9591401835411753
1.309526625188012
-1.5625851357658471
1.1058960775385172
-0.1202811136870004
1.1819422033540632
0.018742266969019705
0.8027617417263782
2.182842043789658
0.6292922403246832
0.10871128131900223
1.007351227874375
-0.11179895921536859
0.6199229404173983
1.085016479168462
-2.0322375713016596
0.5282562265285804
-2.070936732753867
0.1587027918139292
0.6468671606111405
1.605279876227734
-0.36252389330951434
1.7258813730336615
0.48161751502829175
-0.09476343359749956
-0.6737021553984356
-0.8273580264616041
0.8487201079561256
-1.5247262114548585
-1.2599260218126287
-1.978929894013162
1.623966366222566
0.015537091141509252
-1.4932726682257003
-1.3331946775265375
1.091842933807256
-0.17111007100693443
-0.9752554732443234
0.761916956018313
0.27817686563507044
-2.2680770065098415
0.5119638839373174
-0.6834700865850011
-0.5429945731982976
0.5684621037053694
-0.792120094044475
0.5994681935654183
1.6228389724127015
2.172615923216739
-1.6121468418161087
0.20356343765133927
-2.092710100639966
0.851616523337771
-1.9682030522488456
-0.9762161710455743
2.25740653804565
-0.15752915430534278
1.3253255999925257
-1.2863929137976218
2.415972653593008
0.4087903580571091
2.673316591166724
0.310826432934171
-0.366847350606502
0.34963530333211446
-0.239444621931302
0.7997025192807707
0.456040883353454
-0.45171684020008745
0.12266056461242021
0.70686725198672
-0.14119413985234597
-0.20263554075330398
-0.2971459105770748
-0.10926430512249374
0.3649446135398469
-0.09304636575623676
-0.29399752040706617
0.2871206133734557
-1.014257138643572
0.5131944894602662
0.09332141741560274
-1.043680933367531
-1.3991167574584078
1.4256711301744156
0.567734223573727
-0.9792529290997077
2.063036822870641
-1.2001813971096613
0.1456614179340473
0.3949945626031708
-0.14394251863265878
-0.19774344068194405
