2.208364084983398
-0.13085810976675374
-0.3376147337116244
0.3972801172355891
0.3144269173573349
1.3670639571518752
-0.6389450038080924
1.1575842967396246
-0.11761795094855176
0.5256468117254092
1.0053641201877495
-0.558669629961306
0.5637429511927957
0.4125456189083907
1.4492841673432246
1.7350873486158278
-1.430027463395818
-1.4477971631993445
-1.976740795836906
-0.8687236528135452
-0.8938794273037448
-1.211727827221484
0.723139176193376
-0.6141574371437145
0.7843412272985252
1.2392476855549432
0.13524789095370576
-0.8939776933685746
1.7484361562964486
-0.46808133594282647
-0.7055263280632418
0.6361499999539468
-0.914025088621982
0.985101463143553
0.6196824487309714
0.19476520686493323
1.4442358222140093
-0.5478746894969236
1.3343060305895413
1.1791074642431942
1.2320908778477044
-1.5897101303377537
0.8088183592250806
0.1361767635843602
0.8687306704937486
0.42809398010586786
-1.620703739302785
0.4132985410682127
-2.283131177182022
-0.5505406622959013
0.13437185828113676
0.8070716954245659
0.1220315671710566
-1.7391131266457724
-0.26816016089868516
-0.20781774977971693
-0.7767774167492602
-2.12069126138939
0.17140470377939065
0.9445295454658492
1.4221253413423844
0.08108185782192487
-1.108495877311523
1.2471568068294197
0.7599325233491713
-0.7399327026504976
-0.21186349474804686
0.2515633947098355
0.5612255693359449
-0.02209796370145809
-0.3301633522342916
0.8352349334719938
1.889078116937182
1.7037425211310373
-0.09753698442734512
-1.541523079882928
0.9123274159440874
-0.33970676076910694
0.9910123927626435
0.4585891522650527
-0.13698363545657036
-0.45011069372466783
0.7030922261373297
2.2707324803970965
-0.33123093138266174
0.6291195574419961
-0.583277260629456
1.2733812123879809
0.45735185484223495
-2.2816037909163183
-1.4577067178572982
-0.11378550872763947
-0.40589045714987265
0.5408195512662837
0.5976930215271686
0.6094613621430608
0.3035148997586222
1.0228285679531819
0.921513049573845
2.68380463186408
1.0846114661148278
-0.1799680949072676
0.4067412048211649
0.6016307622864667
0.06196512003112632
-0.7148428513734532
-0.02160901565241386
-0.21286282501470885
-0.13098805700209748
-1.8895808076108933
0.550401607088324
0.9126189527128233
0.17994795813613282
0.3980700054733064
-0.19357356760413708
1.3111678514650291
1.4773814193982517
-0.396878824563841
-1.1931522363010876
-0.8429886839195028
-0.9432231509061813
0.5434564915582467
-0.4605826549399474
0.13911577378064258
0.7352332539520611
1.5781053335125719
1.1508227341527575
-1.9302417129682563
-0.15834650661674818
-0.5909040241622152
-0.12776795506715546
0.30466601642485935
-0.5883896181024743
0.5439979096142559
-1.5294536250839483
-0.29312853291359176
-1.4026288993468863
-0.3887016966802822
-0.645653602945506
-0.7418533637778727
-0.983246091373654
-1.2595856154331004
0.7023928221102519
0.407617039760236
-0.00543016823852892
0.7459539132563572
-0.5839272205377727
0.6702917628505314
0.9548369239255677
1.195551848740807
0.7895718205050609
0.6614600004279322
-0.9071474269032284
0.04291869153807918
0.7409601165966387
0.5628014567749613
2.670063956017254
2.256406003888453
0.4890683739383018
-1.088443085622393
-0.23027491925944388
-0.34691919552865014
-1.97282210244541
-0.03139125122847781
-0.33556618629881413
0.20024903486519516
1.2810599836356884
-0.14367425610181334
-0.3906690547531048
2.173513668039312
-0.8448171198473112
-0.6282365440201307
0.41733449423794494
-0.4108282363256065
-1.2923685797534017
1.2878668313259578
1.4580074495368527
0.7555301464635457
-1.8860687114933372
-0.6275938568802485
0.4049058221263129
0.4084560539477351
0.24457403068578237
1.4780421779190578
0.5287041463785979
0.9122221459473381
0.25242341511026095
0.18232632513723507
1.0905560644654662
0.9835945212682005
1.3628352985975951
0.4180667729130049
0.30925919534110885
0.07956850145373649
0.31169824013370895
0.04102923315636073
0.30006634540788296
0.6345003212042832
1.005173370753973
-0.8683149301972115
0.20252439416953746
0.04198303220447369
1.2646993356527354
0.5762696464446975
0.4165685063563861
-1.603296309255803
0.5334867156049206
-0.5051341043220664
1.186427567225174
-0.12939584505169416
-0.7934956399386939
0.08919282930146676
-0.2894426505367804
0.6952659319116926
0.8596145811057283
-1.7844537728931256
1.8716704519157585
-0.03514265082202358
-0.5009034205965069
-0.33668536320989795
0.03799223821283579
-0.9696044384029144
-0.7020591601249575
-1.3874522667729603
0.9278807196709952
1.2640023933904303
-2.0916789427825018
0.5603702558509063
1.1567108557356245
1.5845693310954194
-1.4906793072739655
-0.5548702924946366
0.16967730472924075
0.061783640160616195
-1.8046184226201476
-0.7921206423526251
1.549435597450461
-0.18627303272488518
1.0501626957369514
0.13232559547327055
-1.7284315127613648
0.2973866498033717
0.700291955326878
-0.18822579699959088
0.19487093710458409
0.5984460332404898
-0.15275307155082077
-0.27833334450169034
-0.3968583403797751
1.0366648551145254
0.28073599963405016
-0.1284385054767247
-0.48089784664517154
0.37680145429477124
1.2736074393935404
-0.4295568492282221
1.002660102402672
-0.4506431804001165
-0.03541625916374923
0.5777617709869346
0.24248240746515584
0.7686931930506112
-0.016435630732732274
-0.4501993920331969
-0.9394293684408317
