3.161930504767343386e+00
1.988946468748500784e+00
-1.765911200426779404e+00
-7.147785068013466914e-01
2.783445220020976052e+00
4.677390394455201994e-01
-1.551941514563043789e+01
-1.279565065316252026e+00
7.324616207109485577e-02
8.009354155397336861e-01
-2.325759575413053781e+01
-2.044412664779238220e+00
1.641555541855164613e+00
2.324383228603656537e+00
-6.470904243849908699e-01
2.212315843600170595e+01
-9.664524165017005508e-01
-7.491866552544201863e-02
-1.601185806916599175e+00
1.258554699334358151e+00
6.133695585786822502e-01
-1.830255036376098099e+00
1.301300602143705909e+00
-1.150429059491970829e+00
-1.208096162186711675e+00
1.299760354509013616e-01
8.611035042877617229e-01
-1.705944604332085834e+00
8.663142658062832346e-01
2.653342072394498263e+00
-1.602845156199842469e+00
-7.858817076581874339e+00
2.692121392067371999e-01
4.152146663332569876e-01
1.112190436014580008e+00
-2.610330698317115505e+00
1.737218463985760630e+00
7.845370256323533908e+01
1.439195077243694776e+00
-3.536298327455927870e-01
-5.015780631611232998e+00
-2.029984180387387926e+00
-4.993053783133902357e+00
-3.566372432998694109e+00
6.400978160966649400e-01
2.676962216884252399e+00
-4.456015408520584309e+00
-2.409978602283439741e+00
2.552965890908668101e+00
2.318094377068666834e-01
-2.382889254635384368e+00
1.096839983616098690e+00
3.441748483294799144e+01
2.732990036098716047e+00
-1.277289146526237928e+00
9.269074274223422505e-02
-1.289305635034976749e+00
-3.415310435774815687e+02
-1.803842185619003793e-02
1.738041666294568133e+00
-1.982662132493257179e+00
-4.630777074811823724e+01
-3.677282661137014630e-01
2.474575739411797315e-01
-1.104288360136495228e+00
2.253684726981590725e-01
9.632419831647497377e-01
9.458602791753719430e+00
2.052432790519518602e-01
9.456069893912258939e-01
-1.945720969652506183e+00
2.942457614856035963e+00
1.836953890372184262e+00
-1.281472637959492067e+00
-1.356810053697365737e+00
5.988799681249232787e-01
-2.195953446899023831e-02
-3.031272749994476268e+00
-4.682890676558281728e-01
4.602301793347771675e-01
-4.836986904565685919e+00
-1.230655018751596552e+00
-5.087420053849189827e-01
6.181558894433907270e-01
-8.742325397233678075e+00
2.064780509899826200e-01
-6.822091278249414747e-01
3.622790496307370933e-01
-2.055679029730918650e+00
1.253985775715709128e+00
-3.376973540987650679e+00
-2.279212911904750616e+00
-9.020614122716467120e-01
-1.616126760350230729e+00
1.429459555247514779e-01
-7.578653360510684278e-01
1.105962642133845986e+00
-3.759294609092340700e+00
-3.982704582948461081e+00
4.443037872560538837e+00
-2.388737287906281259e-01
-7.384930479234492751e-01
4.084109201658266963e-01
1.100766731009416688e+00
5.272165957320735785e-01
-2.848878093275728496e-01
8.687060322977583127e+00
1.544455066419817690e+01
-9.529086403416324735e-01
-6.612041747595518437e-01
8.689111240182679774e-01
-3.279129941888029864e-01
-1.202621376437978062e+00
1.250324935815487315e+00
-1.231966687999008769e-01
6.110765323209574884e-01
-1.361841145354729443e+00
6.626623747627861938e-02
1.109437915503036720e+00
2.964304041679746149e+00
-1.835851353146411014e-01
-2.448213537620170799e-01
-1.819018454783232208e-01
-9.211940754369551954e-01
-3.689917011112142653e-01
-3.398968761548670336e+00
1.191076599484224730e+00
6.806675119018199549e-01
-1.350145042269664142e+00
7.421302700233431970e-01
-4.289594028702468087e-01
-3.723320804355974012e+00
-1.468952498938682627e-01
8.931225947773978602e-01
-8.223598247194255917e-01
5.170937577376271549e-02
-1.141880494105925736e-01
-1.000669753669714668e+00
1.820199181205701677e+00
-1.219621063477581424e-02
3.463790700460582350e+00
-1.371712657215806042e+00
-4.304482324064528243e+00
-6.861449922389888378e-01
-1.048175913889705768e+00
-1.176626071206185731e-01
1.526511432887118547e+00
-5.943394341996606212e-01
8.844232767413851004e-01
-5.122804152817561629e-01
2.176002323423036788e+00
-1.793291818885571320e+00
-5.370525093758602431e+00
2.211777774975378086e-01
1.606976168311516240e+00
-1.798074279259403774e+00
-6.010100477820010667e-01
-8.176527371025985036e-02
1.047790577575335114e+00
6.652215735649109618e-01
1.724135925272753056e+00
-4.678081370436222297e-01
-5.255028013204783299e-01
2.776456049183575470e-01
5.899786613870513508e-01
1.145264920150607380e-01
-1.438418130548976825e-01
-2.463395228817924387e+00
-1.495238439855642376e+01
-1.789708377154511254e+00
1.463656851653061253e+00
-3.046734479633578241e-01
-6.598905498110009260e-01
-9.309723499185175166e-01
-9.878536024120567749e-01
-7.815249363030318808e-01
-2.238647299094852494e-01
-2.099727031429233115e+00
-5.464811812908196842e+00
1.833380270349133784e-02
1.052334861810086952e+00
-1.082075552150217002e+00
1.285501841852509264e+00
1.341645290320224504e+00
-2.443215763666429119e+00
1.062897977743806344e+00
-2.466018419655506388e+00
-5.589217432417012410e-02
7.082419699704985971e-01
1.679134195214129210e+00
1.446843960086119374e+00
-2.087785214869614658e-01
-2.617512344774266975e+00
-8.465503798881162112e-01
-3.847813348118647725e-01
-6.316980643937485373e-01
-8.446448139456959936e+00
-8.962499197953563979e+00
2.534816309004643831e+00
-6.308572175157041162e-01
2.775227095739482230e+00
8.853585329641243673e-01
2.113176306122088732e+00
-1.690695125353959050e+00
-1.305628774341652254e-01
4.671407319546357906e-01
2.314341236357406462e-01
-1.041058356377194682e+00
3.830322344669599977e-01
-2.089643544740638070e+00
-2.453519710734399784e+00
-1.017712401474116124e+00
1.209158710356284860e+00
-8.526718552380495308e-02
5.400481409320847526e-01
2.849704201746221077e+00
-2.630266934517104180e-02
4.427128809918512431e+00
-3.571947417502485678e-01
9.593799256630547445e-01
5.423041361300996455e-01
-1.463571290118412627e+01
7.774070073265072489e-01
1.760583730145301562e+00
-3.537585279445948916e-01
-1.594200210119570027e+00
-1.603595673852667769e+00
8.763186834231064815e-01
7.311622401640005542e-01
1.446766245536112772e+00
-6.196404763384354419e-01
2.648689192721161989e-01
2.517298302334125104e+00
-5.092438206717403437e-01
4.745936304496688463e-01
4.162387546171656544e-02
8.776054340848407076e-01
-1.497039843174612583e+00
7.317971644297446510e+00
-8.734669923291584759e-01
-3.580951082331560009e+00
1.675552189653018331e+00
-5.956783369046777521e-01
-2.575661785875852164e-02
-6.708355045128248761e+00
-2.737848869003228769e-01
-7.265953318534842387e-01
-2.527593410043790234e-01
-1.002833283924418062e+00
3.720044812190257399e-01
1.308596018753054591e-01
7.650170633795878583e-01
1.121692720346952665e+00
1.986881577807675159e+00
3.965739105755844429e-01
-1.721054488440036057e+00
8.784425978170027349e-01
-5.643743214144236742e-02
-2.736492982424536535e-01
1.306899858926630742e+01
-2.020325589778059872e+00
-4.955221586414716994e-01
-2.951735573741492979e-01
1.258654912506147916e+00
3.268151230763337578e-01
