1.498933260655808786e+00
2.176745748877736197e+00
-7.519998731741258879e+00
8.781409684733727516e-01
1.317453614642023485e+00
-1.431747125777941054e+00
4.984421707131833634e-01
-4.127303668901127764e-01
-4.636614077517652865e-01
-1.904275334074057469e+00
-1.122851467107680801e+00
-1.384631193338477617e+00
-1.376501347097863093e+00
5.501168761649928296e-01
1.687353254126160884e+00
-8.685523955329364776e-02
-1.329267211371324420e-01
-2.385292952152903379e+00
1.070473506172625600e+00
3.533182773918293051e-01
1.616365468606804523e+00
-1.631802682835901130e+00
-1.059434351775719652e+00
6.919419896069720632e-01
-3.801939641067426656e+00
8.316127905322268532e+00
-3.366488519541397384e-01
-2.432098881552999359e+00
5.160612457784119478e-01
-5.099920912428503872e-01
-1.631531523023941777e+00
-7.842812260811440339e-01
1.016620367885751497e+00
-6.398727974761259096e-01
7.885745258173060268e-01
-9.993625125751681715e-01
-3.705207560399269795e+00
3.963542932969632004e-01
-8.576498814749611288e-01
1.120789605339696404e+00
6.282835395595468553e-01
1.361494973328201574e+00
-2.781127725372431136e+00
-4.349989573240319318e-01
7.586581409903637718e-01
2.088930077011044606e+00
7.915840442513601971e-01
1.600060966892048242e+00
-1.018701240463132651e-01
7.016599661390824361e-01
-1.111377241318762810e+00
1.105634890270327242e+00
-1.356313254987588257e+00
2.433189921123690147e-01
6.418271603759162502e-01
5.557914355457646005e-01
2.024881072544033600e+00
-6.678266378516863888e-01
1.315360346523325452e-01
1.049830936057920994e+00
1.121547744604990543e-01
-1.682558611245703828e+00
1.056096537285233117e+00
-2.264024326233001538e+00
2.227587537278434393e+00
1.158098481024383508e+00
4.122708516103323895e-01
-9.090372585766568481e-01
-9.990722383647512306e-01
1.098934552169644085e+00
3.394299442441500725e-01
2.859752332246717543e+01
2.262108951102828502e+00
-2.137638095394449045e-01
-2.442761973042617107e+00
-8.626730494302099483e-01
-2.423855047404884999e+00
-1.104091519334367888e+00
2.144026108135930753e-01
2.183095960252975587e+00
-7.791888377727930193e-01
-3.799324105447863253e-01
-3.012153141920190791e+00
-1.903097718154858953e+00
-1.885766643090280303e-01
2.557778790302572602e+00
3.044782719222755674e+00
8.501811895536128816e-01
-5.369605814994903525e+00
1.869336806308020682e+00
9.420251864429507460e-01
1.461335408484507381e+00
-1.321865217863771313e+00
-1.824054944475670403e-01
-2.489727525031500688e-01
1.043118151494249884e-01
1.034932536659071811e+00
-1.887739310351432165e+00
-2.244679145599697723e+00
2.337377793410596039e-01
-1.668676005931517325e+00
1.329338762985756484e+00
-2.595391116640918122e-02
-1.844329372218689311e-01
2.569173202321570315e+00
-9.235739364614500291e-01
-8.702394083434048522e-01
-7.389389543033577645e-01
-5.429410460369903380e-01
-1.728070895671194040e-01
-6.122692708668121542e-01
5.459116339151623976e-01
-2.041895933651046047e+00
-1.369732951922417952e+00
1.470937149881872186e+00
-2.994211670842719664e-01
-1.002192381344479688e-01
9.851107434956274389e-01
1.305275592774458038e-01
4.911933411348390344e-01
3.231490172582422105e+00
2.744684586165735851e+00
3.343848553241435262e-01
-7.352527272853986995e-01
-4.434550625245318733e-01
8.217393363767315773e-01
-5.312289530479484823e-01
8.864692048255823353e-01
-4.721558343384656631e+00
-4.882589738674621982e-01
6.386341494018528131e-01
3.832058005802776890e+00
7.671864685827993746e-01
1.930052878607792843e+00
-7.976019525949513689e-01
-5.366073279173307675e+00
-1.224212408162554500e+00
3.970788495772631599e+00
3.593723673137096952e-01
3.537050726978726578e-01
-8.560113173516985252e-02
7.561974208779710382e-01
-9.278333474407697568e-02
9.709379558941280131e-01
-4.343693290505501459e-01
-2.246429019012850858e+00
-4.217908640374255780e-02
8.798072773295233517e-01
2.529084659493896936e+00
-6.715816922551102186e-01
-1.104949786830948799e+00
5.211752177210574599e-01
9.941809682341651300e-01
-3.091500048229906206e+00
-2.721257173532246831e+00
-1.091625322222393280e+00
9.121665243033330595e-02
-2.922298098768579599e+00
-1.815694627141152540e-01
-1.490930638803467767e+00
-5.948234049033604975e-01
-3.549878303546605274e-01
-1.130981319407302621e+00
-8.234504271992164615e-01
-2.741064986206339427e+00
2.636473379132421524e+00
-5.426604065350683070e-01
1.284969225417244842e-01
-3.192970314610249272e+00
-1.049495395612315640e+00
-7.811171285395888120e-01
9.232629367767728468e-01
-9.645347744211894003e-01
-1.003956837593055651e+00
8.189627232323613004e-01
9.042425471234176726e-01
-1.633130743664046092e+00
-8.974810695990718123e-01
-1.855544936110896659e-01
1.623064688960443314e-01
5.376440029497349116e+00
8.820459515213788793e-01
-1.708089355810129994e+00
3.249382005760723668e-01
7.797621189265822039e-01
-4.091402807316556478e-01
-3.449391747242152029e-01
5.807657515433098938e-01
-3.437474255848936178e+00
1.628704831690894972e+00
-6.184118906837081653e-01
1.153508930418349454e+00
1.013438538469325856e+00
-3.080087598289137141e+00
-1.325278735297409582e+00
-1.570573849388252796e+01
1.453719194279114557e+00
8.325431514935091593e-02
-1.278888045693382214e+00
-2.270939940550619429e+00
-4.470870010162423469e+00
8.949110274245583030e-01
-1.468104266566662153e+00
1.122931651049876578e+00
3.145199345805272273e+00
-1.069300267555928663e+00
-3.467100605970848015e+00
-1.220704118614671874e+00
7.830226806006059803e-01
-8.819125692019846863e-01
-2.145598513027417553e+00
-7.421998257128097354e-01
9.504444822729923859e-02
-1.485693580145523551e+00
1.652877236910206271e-01
3.146324780494116902e-01
1.897466128599316182e+00
1.976097090837419579e+00
2.146373930588484136e+00
1.061001178258619948e+00
-3.992102668794686449e-01
-1.253333261620732664e-01
2.219224173576152204e+00
-1.124830774742967110e+00
-1.748709041782960938e+00
-1.910085740346879390e+01
-2.490185449270276408e+00
4.736297777701385936e-01
-1.948075279398459259e+00
1.331691768855893132e+00
2.123697851444880769e+00
2.661954719786156609e+00
2.952446724844451365e-01
1.295160134869977497e+00
-3.983989400189768730e+02
1.187432545907574521e+00
-1.166990607280139480e+00
-6.021075898040164631e-01
-5.622087431574143007e-02
4.621170980937483463e+00
2.093658798018240841e-01
9.518779839057819325e-01
-6.335332900529132560e-01
-7.388808929711053464e-02
-3.630657049810572801e-01
1.665364568382309701e-02
1.395257090936658395e+00
-1.571814587018125042e+00
1.537375513523094206e+00
1.684393133173514912e+01
4.215519764273733538e-01
-5.888192907339793170e-01
-2.869258973563796333e-01
2.942938530672543629e-01
-7.786729319844128971e-01
-1.275726348935466881e+00
1.465569840764032183e-01
-1.395085926705972312e+00
-8.685775459797788756e-01
-1.395142968994686594e+00
7.886327178383714664e-02
-9.290287320507957247e-01
8.735963062076348984e-02
2.323091328532322919e+00
-1.052748438597195912e+00
