-4.258903744492856802e-01
1.530823150515852049e+00
-1.986205465497535017e-01
-5.270110937095990877e-01
-1.617028573575579165e+00
-4.310730451689008813e-01
3.541521302057000220e-01
-1.098065956592398917e+00
-7.475386574203183310e-01
3.856814854984338958e-01
-1.066137335408499087e-01
6.808085836434115690e-01
-2.907151432198618046e-01
-4.895226897112100461e-01
-2.284327423391320222e-01
-6.307881842448318510e-01
4.945782523132382646e-01
1.467851234000226768e+00
1.443052424220130359e+00
-1.567329535309894606e+00
-1.240700995688280628e+00
6.551689060801408893e-01
-1.256656777373362649e-02
7.634488810791651980e-01
-9.539243828753136700e-01
-6.838600355314476964e-01
-2.452600786299891367e-01
-2.067860439318322197e+00
-1.110155880128291805e+00
-2.173808442559278742e+00
1.434537580932800704e+00
2.578387554546097277e-02
1.773236630921770640e-02
1.466313513660004730e-01
-2.493942067054553680e-01
-2.213052093899464667e-01
1.564312590910928780e+00
9.046331651059569268e-02
8.288607814087390890e-01
2.693114428670817517e+00
7.071128132563586632e-01
1.450691878977416582e+00
1.374400981403223025e-02
1.801754885561499764e+00
-4.907619598998107513e-01
1.884433332741195510e+00
-2.537488887474392135e-02
-1.546713023113562624e+00
-6.110723441774559839e-03
-2.113989655351704133e+00
-1.279594377390484539e+00
-4.471648978732455926e-01
-1.956083054578014790e+00
1.521250799665982534e+00
-6.108937106515680004e-02
9.717263412284449231e-01
1.322721970440745021e-01
1.145428305511269951e+00
7.003403418324372076e-01
-9.042460640443017450e-02
8.561103510879964906e-01
-6.090534841855426151e-01
5.216791810117950290e-02
8.303496518662083492e-01
3.173707425535070570e-01
1.782429358197840319e+00
-3.225314490011410573e-01
9.490665879013783224e-01
2.529408821086286174e+00
1.084061389394222363e+00
-8.698650665837708296e-01
1.102006604508328103e+00
-7.718335653161287890e-01
-2.584464171627564883e-03
2.733138950266287281e-01
6.322850151878114389e-01
9.771183799418090565e-01
1.112852123545314598e+00
-1.252481119005839083e-01
7.869900248863816172e-02
-1.941178792732648040e+00
8.184127752569505532e-01
-2.687878380969792591e-01
6.898259864476508074e-01
-1.514977807034033341e-01
1.987870847882686087e+00
-2.545542414766522321e-01
6.482516986121535929e-01
-8.883317173259579480e-01
6.640758897544762895e-01
1.048785273192335055e+00
5.638236427995983735e-02
-1.189777913390528546e-01
2.257414896632052859e+00
2.531848094991472120e+00
-6.119412641395262087e-01
1.396868851466883887e+00
1.320723253806094233e+00
1.986825185912422853e+00
8.552028903562627349e-01
-3.133636081261147677e+00
2.881025238324923521e-01
-1.907188357607385365e+00
-2.853623342874826441e-01
-9.494189257778805624e-01
-1.305215419489650586e+00
5.793150021021005180e-01
-2.091404301612273198e+00
3.533707879392996354e+00
-5.100185325101520145e-02
-2.465717870132364986e+00
1.672476965118183667e+00
2.382403650769150324e-02
-6.629632177515644431e-03
7.335624115916032917e-01
4.214780523497080322e-01
-6.543462526449984606e-01
-9.442213708544444639e-02
8.367382059297456820e-01
8.987036310174857379e-01
-8.952243184885799732e-01
-2.222592923889347816e+00
8.670637121010167370e-01
-5.388207461639764606e-01
-1.165937530712081838e+00
-5.422084905688731027e-01
3.008311185483496589e-02
2.201467824838150289e-01
-7.411203380266968566e-01
-8.492729062081409985e-01
-1.304938509953035064e+00
5.544813953821765562e-01
-1.092896228061722042e+00
4.235426154894827988e-01
1.054597199418324388e-01
-3.554465802078025094e-01
-5.881207954600772836e-02
1.599591090608340760e-01
2.714071301359158861e-01
8.123730784314847631e-02
-1.651784247313040632e+00
5.760767203805402525e-01
7.756486443048002943e-01
7.456606560718463950e-01
4.001654794607484300e-01
2.641931815173201303e-02
-2.100654858027849181e-01
-8.239705278031657087e-01
3.373457579650426252e-01
-1.390580100182535972e+00
-1.760754127780742806e+00
1.048946668438590912e-01
1.135982466995033580e-02
-6.909443955733796106e-01
-1.068907856007935919e+00
-6.080984573613807953e-01
1.310329280108482486e+00
1.194505076366105589e+00
1.203752630456627504e+00
-5.899534345856082274e-01
-7.809884138716484403e-02
7.666251461495123820e-01
8.986470394936096895e-01
-8.716545332049472350e-01
9.160231503489858484e-01
-1.006266747718194354e+00
-2.697409498910088299e-01
-2.538663674499810341e-01
7.556307101583260577e-01
2.025820490758532877e+00
-7.812779671769407575e-01
-2.918756092570397698e+00
4.867414346393698077e-01
-2.429445463235280656e+00
-1.466180269934621805e+00
-5.645166849982312662e-01
-5.373724443809353435e-01
8.979269229777783190e-01
-1.292289254185778891e-01
7.867312224384892527e-02
-9.313135240914214297e-01
-1.447745444440221352e+00
1.238692850597715944e+00
3.225194947353304809e-01
9.305052060569951600e-01
-8.995022802228787029e-01
1.056615767858007260e+00
-5.443935218756561500e-01
1.861691702192319886e-01
-1.502533655576199223e-01
-8.577376271457359813e-01
1.160513493757508785e+00
9.814477076245379239e-01
7.587487137609832955e-01
3.606842811761588052e-01
7.174647053197256152e-01
1.936898990703466161e+00
-2.540753269395839564e-01
1.439824413825657290e+00
-7.432975841732768485e-01
-5.667370649482583733e-02
6.811271704793742110e-01
2.083609508940668320e+00
-7.332329645870078183e-01
-2.169976527184186432e-02
4.798748934427963242e-01
3.589929985370051702e-01
2.825511990932708106e-01
8.736038977334559252e-01
-1.018910637581804890e+00
-4.653538822863133584e-01
5.639997673528482913e-01
-1.760151007829493075e+00
-6.942216443639995793e-01
4.011050729001842119e-01
-4.514845778443624669e-01
-1.594062827998674603e+00
-6.386326108103197452e-01
3.994651664417665504e-01
-2.359968623000445465e-01
5.431838660226544491e-01
6.499353978370238372e-02
3.003029149095715056e-01
-4.369728110543210642e-01
-1.048783021310628838e+00
1.316337982844415500e+00
-5.834427402193442802e-01
-1.311101979383209049e-01
4.759376622947286001e-02
-3.567132848986268367e+00
-6.394039741493249274e-01
9.056465096267745096e-01
-1.157758938705002238e+00
1.184076525730779927e+00
6.703882695013827497e-01
-2.583162268163857189e-01
5.100991259279541445e-01
2.729716286459947794e-01
3.741979105674264616e-01
1.703413062577669113e+00
-5.606708584450695865e-01
-5.207970027927191214e-01
2.230741007554999822e+00
-4.904998693292654810e-01
5.564486913317974182e-01
9.068934900168077462e-01
-1.531797364646971582e+00
2.043081749742847286e+00
6.632902339975865758e-01
-6.040044286145992425e-01
1.191699422205507730e+00
7.060350194727833539e-01
9.718298311510880083e-01
-3.140560475689349040e-01
5.412827621008645673e-01
-2.737141208246180568e+00
-2.166544072980886693e+00
6.316873455621183631e-01
-1.208888753319366627e+00
-9.729661310802797392e-01
6.103196129195893604e-01
1.751482465507929520e+00
-1.375623136218561360e+00
2.443336659789013154e+00
4.932139769049004863e-01
