1.518669384398688482e+00
-3.965039049889434453e-01
1.032096151993572519e+00
-4.928914631746393882e-01
-2.195257655928858909e-01
-8.817761592814984395e-01
1.719137159113143021e+00
8.604878848405723701e-01
-2.913365964579154088e+00
3.648354469210517426e+00
-1.234427764813774031e+00
7.545339627028349039e-01
2.096696035126728308e-01
1.572900985717172739e+00
2.169743115261235644e+00
-1.861848905865801651e+00
-1.077188068221168304e+00
-2.191805756763014479e+00
-1.838466597279327042e+00
-1.066880433843365727e+00
1.281660536687806995e-01
6.386148526136205206e+00
-6.379795309861334474e+00
-2.677556546765758050e-01
2.590796377396451966e+00
6.267171023035714716e-01
-1.652570084899539937e+00
-1.528389232149849875e+01
1.709366009395245189e+00
-3.557891488693947224e-01
2.042270884399930431e+00
-7.910865887707314581e-01
-7.945709898285576500e+00
7.331364894692602441e+00
-2.555758944580881487e-01
-7.793472108322134773e-01
4.689643653402155166e-01
3.666825658998495108e+00
1.540335325678110837e-02
-1.205289149538980809e+00
1.842693985411133717e+00
4.624174286931524991e-01
2.010350961003331882e+00
9.464405625254648236e-01
8.983320789219960689e-01
-8.538589399408524905e-01
-1.564003986705293059e+00
2.549832841955216978e+00
4.175336447510028526e-01
2.132632148780057690e+00
-6.905533969813022477e-01
-1.499014749936296020e+00
-1.469534287002767670e+00
2.186915671914184234e+00
1.709598511108841201e+00
1.544988248187201485e+00
1.290294664603192754e+00
8.778670113085573767e-01
9.807804346294683728e-02
-7.699851305459155526e-01
4.280613544242531376e-01
-9.370832502646305739e-01
1.719833213108788450e-01
1.313758858981178834e+00
-5.315810905488917854e-02
4.489369882208704698e-01
1.557859857813576943e+00
3.842386358606499908e-01
2.217464468822328172e+00
1.668293734408826445e+00
-2.764770367430324227e-01
-6.648154059123972948e-03
-2.169738055938188026e+00
2.438849797850648482e-01
1.643460396955604141e-01
2.160978946504266585e+00
1.198814264162162413e+00
5.267264596179543207e-02
1.113907369795133384e+00
-2.109609938688818964e+00
-3.179071813489000586e+00
-2.306628179200252760e+00
-3.225300833421169133e-01
-9.100613923696961649e+00
6.217810612681653470e-01
-2.392916369797682741e+00
3.955749109888320625e+00
-4.088477612246107507e-01
2.244596894139085475e+00
8.655862268924768843e-02
-5.400221675872443505e+00
4.657960873949996694e-01
-2.433401345018481976e+01
4.026203483561698881e-01
5.128006845561192684e-01
-4.514521039044494977e+00
-3.798366748194674514e-02
-6.262929295580588196e-02
7.022675167996708101e-01
4.492259807829956375e-01
1.310236660470469161e+00
9.596532056959157231e-01
-1.224713814374910781e+00
-2.763200401297919662e+00
5.930915289448925043e-02
-4.404547513554487037e-01
-2.657046981000275920e+00
3.315475345150424857e-01
-8.442690536514961819e-01
1.229054089687512619e+00
1.033355102427035543e+00
1.223591381633287334e+01
-1.933994203050683203e-01
6.510591096668165711e-01
-1.527573993433355870e+00
2.412159237743849993e-01
-1.861004508156792192e-01
6.492240423966300078e-01
4.444417884625207482e-01
2.177755377842016393e-01
-3.931470126225501405e-01
-1.379099785848951321e+00
2.688176697232929069e+00
4.923145469734398483e-01
-3.937359930687946152e-02
6.451916714927390384e-01
-1.482047703144023565e+00
8.525075454905082228e-01
-2.111705699757934873e+00
3.102990455442663498e-01
-1.258516935584047758e+00
1.703490264490891581e+00
-6.005997475178224132e-01
-4.045177884473415419e-01
-7.042002648525615971e-01
-7.254864204176182663e-02
2.172379113405316975e+00
1.128175708170704672e+00
5.556020771478714648e-01
7.471620838027044353e-01
1.387642139338463476e+00
-9.555289720871102954e-01
1.784589435772254706e-01
-5.302305520160269792e-01
1.066651081011593227e+00
-7.899247030162461769e-01
2.099921618355259090e-01
2.035558058912005641e-01
2.354350633575634788e+00
1.241210946162968343e+00
-4.605576120512298033e-01
-1.665588158158610721e+00
-9.321449250138491571e-01
9.722038343684910044e-01
-8.108842966043110501e-01
6.266694585272891693e-01
5.797683682646632697e-01
-1.310814023506293946e+00
-4.857692748825499507e+00
1.186257563007376614e+00
-1.610232491111516229e+00
-1.145152360843317146e-01
1.430851389321390998e+00
2.347606529177079793e+00
-9.886177822522101977e-03
-5.174309692918850623e-02
-5.150477831883154778e+00
-3.402980841174636784e-02
5.214432082220801790e-02
7.289885095048758146e-01
4.752662847061748241e-01
-1.154092312256937980e+00
-4.305493344106743336e+00
-1.182601049706706542e+00
-3.083977327859795392e-01
1.298103812086277342e+00
4.408262401569729150e+00
3.657182833330738347e+00
-7.581154699240143513e-01
1.197610863860413488e+00
-7.778022344876345251e-01
-1.953774379431637342e+00
8.922447334686182951e-02
4.426822231104607930e-01
8.566527933210923429e-01
8.201239557732407093e-01
5.153473009282948381e-01
1.898402899887870754e-01
1.519259982550569488e+00
4.788480318755055087e-01
-9.897614990752738873e-01
1.460176149821211578e+00
-4.399881876313219919e+00
5.540214602756251550e-01
-4.023432509980765515e-01
1.128674960725978504e+00
1.048442343566884233e-01
-7.980637957586498299e-01
-1.379547708073321832e+00
9.412008360107602112e-01
3.303746013155737238e+00
3.897800291070875334e-01
-2.292873512879971543e+00
-1.335733726378725561e-01
4.391247886062794592e+00
-1.710149331666414030e-01
1.309415266439303505e+00
-2.192143451632583506e+00
-1.304531398500932582e+00
1.900250863121351053e+00
3.511052963105874447e+00
2.057449300211779519e+00
-1.114960279871068272e+00
1.837439884943070645e-02
-2.464401938232451350e+00
-5.045295682309279606e+00
2.813787362373467715e-01
-4.663944359188464395e-01
4.650078021323582056e-01
1.655937076237385397e-01
-6.121115159411500972e-01
5.522141922584352658e-01
1.242605084941516225e+00
-3.470774303608842315e-01
-2.590009681287146037e+00
1.711021493743971833e+00
2.103642055350977424e-01
3.424671723346494723e+00
1.079888637595062484e+00
2.554878427883499059e-01
1.199845600470771156e+00
-3.746033455804770318e-01
1.927458387128047512e+00
-1.428410291790571884e+00
1.045721990109410804e+00
7.950981975501463239e-01
7.553739285316430241e+00
1.625923910893516955e-01
2.806434810419311532e-01
7.192823948463964445e-01
1.918982272190790317e+00
-1.614097783413837917e+00
5.640549215722725496e-01
9.200170432797128983e-01
-5.884754055600215361e-01
-6.306234265223218394e-01
-1.132816721022873807e+01
-3.438636446488603227e+00
1.408140028450825199e+00
-1.998199052133426967e+00
-3.383475520207865905e+00
-1.035526845001797147e+00
1.222185479157670840e-01
-2.087522594665331965e+00
3.184483919053039180e+00
1.457382475115789333e+00
-3.388666327421554492e-01
-1.296483693018399164e+00
5.338838274944009754e+00
-1.998449760532402752e+00
-7.030846371644692283e+00
-3.943601085078204393e-01
1.852300999329219655e+00
7.977552864359775953e-01
-2.336772700779128353e+00
