2.422112540435775063e+00
1.790990537435315222e-01
-5.553274263183056725e-01
-8.245339518294934056e-01
1.618101382897610963e-01
1.113267954808464300e+00
1.175512559285830427e+00
-6.671225452043275661e-01
-6.807387916193946564e-01
7.756532121576811267e-01
-6.361278585974374788e-01
1.128833648439865556e+00
1.067770610386766350e+00
1.098941789327265717e+00
3.393313885890114623e-01
-1.325188990696233748e+00
-3.456281010364955497e-01
3.009738358222119325e-01
-6.123800194238357419e-02
1.120445345171349416e+00
-2.765450572974866850e-01
-9.140160907241966226e-02
2.745143898090590673e-01
-3.732663488533077611e+00
5.611630861427081562e-01
-1.071677195036802210e+01
3.097207491016475966e-01
4.360230625140424365e-01
-3.098367610121925075e+00
-6.694203621915848501e-01
-2.691249576676504773e+01
1.595155545486439008e+00
1.185870307839965720e+00
9.695036548875943794e-01
-1.494314772524640844e-01
1.459346714516425614e+00
1.103758338818209728e+00
-1.873731131731238841e-01
-7.666473723007824481e-02
2.222454548699722421e-01
-2.082543192893806072e+00
-6.284973464559968637e-01
-1.166703361947140305e+00
-4.962535913163744206e-01
5.902368101983490600e-01
-6.594083250022737541e-01
-6.545366903259139946e-01
4.128709649777663193e-01
8.651765087546676725e-01
1.714636486746673683e+01
-1.369691065700525012e+00
1.580588109179324574e+00
3.503993960609674829e-02
-4.613319844541790005e-01
-5.283717503296526674e-01
-4.241672553741900331e-01
9.721248262420679742e-01
5.185486887153247793e-01
-4.148442292768893536e-01
-7.460463806078790339e-02
1.365484829034931680e-01
-5.413897197093973102e-01
-5.687429063049488365e-01
-7.148933217782198479e-01
1.245929994481558417e-01
-5.075859498744830667e+00
1.083507236965397746e+00
-7.099291221005031571e-02
1.083214387669532014e-01
5.475826331956106241e-01
7.465453148132900063e-01
1.166594513397606198e-01
-2.942513185214877813e-01
-2.184297775236470340e-01
-4.989012861011525302e-01
-1.702384076266490354e+00
-1.484396755431247161e+00
3.425822910517195563e-01
-1.489263623901218248e+00
1.300042697781271794e+00
6.360853166067703679e-01
3.984847481278255277e-01
2.571834866233187883e-02
-1.029903712784517644e+00
1.182750291763862815e+00
-2.685597027205105514e-01
-4.812025800383051277e-01
-9.662310808145884167e-01
-6.234063878348126142e-01
-1.236223523306027694e+00
-1.532765066018306199e-01
-2.078657810580520141e-02
-4.803582072826966254e-01
5.318440727443005667e-01
3.890354328560833436e-03
1.020331823962659090e-01
-2.729511597087990737e-01
1.888752667199131707e+00
4.558985005778541932e-01
-1.723653581265989776e-01
-8.141957807986297535e-01
-4.946672033355779818e-02
-7.222414791327008698e-01
2.351802841899086061e-01
-1.500291525361496348e+00
2.829822757543551393e-01
1.052535842796263665e+00
-2.799716113351334634e+00
3.659699307236249921e-01
-9.571876448078282529e-01
1.017009470202460575e+00
-1.400186787506854547e+00
-3.936460434014880105e-01
6.504002003935255294e-01
-6.355824004636397850e-01
1.322335051214044377e+00
-9.319194272187355521e-01
1.343585427317518288e+00
-1.445694566105146350e+00
-8.922524020160140790e-01
-1.293661085498148733e+00
6.431156390666854517e-01
-1.235678766821264762e+00
3.522380413163500590e-01
9.634601948597776300e-03
2.044549062172132281e+00
8.233452617788530326e-01
-1.019568395147599782e+00
-8.593429817264941484e-01
-6.052031172644445345e-01
5.192288270504201719e-01
1.931577204884404209e+00
-2.347267406372157139e-01
-3.541440764061266622e-01
5.491017690198600754e-01
-7.039564944466690510e-02
2.103869442458102534e-01
6.797289931389056683e-01
1.517185654110755344e+00
-1.271417770382314572e-02
2.090118413040396583e-01
3.110882216246876997e+00
-7.969047619947947081e-02
1.783824162257076074e-01
-2.493338722325620926e-01
7.749093900990736694e-01
1.848990052337918799e+00
2.042802664338611152e+01
7.964187909354347727e-01
2.329877342282398622e+00
-6.867604243266626440e+00
-1.514073343327398735e+00
4.085772368492177620e-01
4.126765878585605840e+00
-2.190529348831578904e+00
8.494999058941862247e-01
5.757581889754145171e-02
-1.595270797837100352e+00
2.977826800125730755e-01
-3.546593512741063048e-01
-8.774855868413240501e-01
-1.577454467124297377e-01
-9.284277848690342116e-02
-1.125479542581123127e+01
8.558251890034015430e-01
-3.497083599238504092e-01
2.682737640996359918e+00
-6.386237642704631345e-02
-7.536957903551492199e-01
-3.104761061889155460e+00
-1.010247025216604477e+00
-2.532469287974980499e-01
3.286771871480598239e-02
-4.122230453063235878e-01
2.020719057399472940e-01
6.529667181949649901e-02
-8.297803677587758386e-01
1.838786330190598228e-01
-6.000810579256338206e-01
1.784199459445243052e+00
4.344606839689635902e-01
-5.863131230160568697e-01
2.257849472461929130e-01
6.462361032242949221e-01
4.211506220883058926e-01
4.495167172251300913e-01
8.740821935412700361e-01
-1.262250363554712901e-02
3.440811254283215326e-01
-1.674934230582665329e+00
1.128861812821560395e+00
-7.211827339648710922e-01
4.839040641382639230e-01
-6.406632878104718820e-01
2.443947630274320826e+00
1.104843308962056625e+00
-8.826855134356297317e-01
-8.893421742168101662e-01
4.687470260673419764e-01
-2.775781970047952463e-01
-6.935850119742767994e-01
6.979911249916854743e-01
6.780589476228421342e-01
-9.281227491931256068e+00
-7.799277774175428224e-02
8.124048025774862625e-01
-8.214740610482522409e-02
-8.181265942628607180e-01
1.860655133769615999e+00
2.775657945745342858e-01
-9.848531385142342276e-02
2.005863334310705071e+00
-1.178917153536666707e+00
6.101699889220628670e-01
-2.526811784461941990e-01
8.104829067489751626e-01
7.748706435160446215e-01
-5.601845906929314722e-01
7.405160007110447307e-01
1.776096933239098785e+00
-6.709169707559439200e-01
-6.325382992644051905e-01
1.783143535412213598e+00
-3.490106723208878936e-01
3.531342604404305696e+00
3.021085260586553467e-01
-1.367820714875656929e+00
5.719690377814674598e-01
-1.174601800887740133e+00
1.541678611860619330e-01
2.610464590222348891e-01
6.409821277962023389e-01
7.582371167904256026e-01
-1.898253588010143433e+00
8.020145684371026151e-01
2.033663117091866646e+00
-3.004454646283619690e-01
-1.505779245811215361e+00
4.518456871828788302e+00
-1.119604537639659059e+00
5.498419924862850694e-01
-8.349783717657655036e-01
-3.635413314503177062e+00
1.381083781246641440e+00
-1.634639019389005909e-01
-2.080559165329319171e+00
-8.668264718295735083e-01
3.373601183033413609e+00
2.034298512252820379e-01
8.482218095898822474e-01
-1.463264707331106695e+00
1.343189590264657340e+00
3.872620475796026418e-02
-9.933214646629706657e-01
-3.153355918744020769e-01
-4.906905437584652141e-02
-7.233334697290397797e-01
5.493210600890556794e-01
8.576449300023256672e-01
-2.714113692684088530e+00
-1.987852910983916921e+00
-1.606684338983213278e+00
1.941979821638089909e+00
1.333893190789620320e+00
-1.525934941505875830e+00
