-8.996139263222933113e-01
9.070492262771723269e-01
-1.634376022114132132e+00
7.047846920004825488e-01
6.889914939545953576e-01
-5.900967703795226837e-01
-9.051342097278938237e-01
-1.467213111613842269e+00
-1.945860535239276157e+00
6.131367678168235802e-01
-1.100425697980296658e+00
4.086035128089037238e-01
-3.327437181154920154e+00
-4.665733033261476592e-01
-1.448203204032067370e+00
1.288988838672357584e+00
-7.324444229422855113e-01
-1.377070750856620229e+00
-2.877540981806687714e-01
-9.930838599711897530e-01
2.243843950032519685e-01
4.481508605625739716e-01
6.736470258385167664e-01
-8.986529025380856073e-01
3.024461056056097497e-01
9.975694417777718481e-01
-1.261639208423376846e-01
1.206007181445389875e-01
-5.694688416381988860e-01
-1.234615451912814299e+00
-2.887475972346137176e+00
-9.423028841947864720e-01
-7.192099376376965836e-01
-7.635204359474991875e-01
-9.157339296245805560e-01
2.418651822944661300e-01
-4.399327877772192252e-01
5.417740072765971915e-01
5.908139883667833381e-01
1.426870239005399110e+00
2.176038439422740112e+00
2.886584252575781218e-01
1.601719620119406717e-01
1.672145575655794358e+00
2.578922209006903055e-01
1.833526369127904010e+00
-2.346499935682788002e-02
9.223756000752444395e-01
-1.212921369381940506e+00
6.338693164066790953e-01
6.546385105347196642e-01
-1.949189053520834491e-01
-7.928788596814433376e-01
2.664167936705683637e+00
1.125238335270660972e+00
1.946561148534818653e+00
1.150092911247153182e+00
1.093548885706011192e-01
-1.711488685958375555e+00
1.057594687728896643e+00
1.436786560426691395e+00
1.157345626555461859e-01
-1.994460496843148967e+00
-3.350207931936139971e-01
4.297443347912158762e-01
-4.815208198538134532e-01
-9.705587869592687683e-03
-1.059465681718670949e+00
2.166758353502784840e-01
1.885125319351843132e+00
7.528890909689862632e-01
-3.078170134488467991e+00
4.132916985018812994e-01
-3.032398224261747544e-01
-1.484345082015911643e+00
6.184706453399414494e-01
-5.956991101499233693e-02
5.804777538223113709e-01
7.779387015268772743e-01
1.055743012754553289e+00
-5.403644639724000109e-01
-1.363707962354961944e-01
2.267645580401138061e-01
1.874171112542114548e-01
1.015236152330812436e+00
-3.421047299220695947e+00
-7.028288564776776770e-01
1.195554025081252830e-01
9.295934487690344916e-01
8.567040866602417815e-01
-5.540295612018991678e-01
-9.231351261305682510e-01
-1.986291664397847434e+00
2.112119471221489242e+00
6.429881631675042897e-01
1.042430238518814001e+00
-7.030792443597101427e-01
-1.965644880598816924e+00
-7.184727210900657690e-01
6.041095563518688039e-01
-8.501210694280159075e-01
3.277515896513085170e-01
-3.975080227151203127e-01
1.029343365627031881e+00
-1.817126944764884566e+00
8.752334104028705042e-01
-8.036729561664071042e-01
-1.996997490408980447e+00
4.625795191156895081e-01
9.956025164427614316e-01
1.734417292637037367e+00
3.984765059611439786e-01
-9.599138837078886877e-02
3.573503001908050480e-01
-1.481049817903368648e+00
-4.904210851025522233e-01
1.101207476335861690e+00
2.776187544745037927e-01
-1.181491718849362105e+00
-6.265842404899573115e-01
1.736315198063435705e+00
7.369643572351646243e-01
-8.424123375166425731e-01
1.192229663560080866e+00
-9.522747112542008230e-01
9.920990865637655531e-01
-1.105760955340485907e+00
-2.272368673760889468e+00
1.386344681241230337e+00
-6.678801238248031069e-01
1.031224554919784597e-01
2.208223489188184008e+00
-6.974041733755782513e-01
-1.428309445525256960e+00
-8.305224538209943219e-01
2.638631258739451813e+00
2.474272962601650860e+00
-7.687777126242746097e-03
1.006915955271133978e+00
-2.101096465309129357e-01
7.254467897552051570e-01
1.172744394207721141e+00
-2.247424733644083794e+00
2.497759683139794795e+00
-1.812157039205339326e-01
6.372509024484650508e-01
1.554672308320357743e+00
6.890934272806168437e-01
-1.400567306972990700e-01
-1.406416391114023279e+00
-1.346961536526064318e+00
-7.415453856384808251e-01
2.841291283982931404e+00
-6.741932504758608724e-01
1.424998464112261054e+00
-3.958995698877711966e-01
-6.052383741101594050e-02
1.408302017930021188e+00
-1.629113755255131135e+00
1.495204677052986320e+00
3.936679059557970373e-01
-1.075233636109116153e+00
1.625849871451245487e+00
6.754639962622346339e-01
1.539971610183050510e+00
9.744456711922481196e-01
-1.413494048632915057e-01
1.139500191731908189e-02
2.539835187369922309e+00
1.838988677094258173e-01
8.443223251570589616e-01
-1.976868666614259862e+00
3.918431595304357196e-02
2.467804840219736118e-01
-6.535869668760375673e-01
-2.273727544054835015e+00
3.926656057978523684e-01
-3.595806165034964863e-02
-5.869012859246169889e-02
-1.659204062746176156e+00
8.759940979782960824e-01
1.611413833438001042e+00
6.576728257618173756e-02
8.671873777231835501e-01
2.157594840570444816e+00
9.194166200926541244e-01
1.132744398346144266e+00
2.056171212275257787e+00
2.970120261246389504e-01
2.589038164008580445e+00
-1.524407951686946650e+00
-1.077562954177786470e+00
5.035927696950440735e-01
-7.467066711395238254e-01
2.060152741816431821e+00
-1.711939232219734874e+00
2.806937099846519956e+00
1.423196449545972575e+00
-5.656403079238605525e-01
1.793796595324732568e-01
-4.828886344714277135e-01
8.585765777259691811e-01
9.307832047147428511e-01
4.092670176785906389e-01
-9.776405294864853879e-01
-6.670630683894769319e-01
-9.545588808466787256e-03
-4.113620581607667637e-01
-1.276154790665191996e+00
8.663267301550774402e-01
-1.644097192287935716e+00
-9.273440927149679824e-01
2.887470154023612512e+00
-1.152767985451916832e+00
4.770951248651154053e-01
5.071496258960995762e-01
-1.380613238081035421e-01
-9.306725721683398733e-01
-3.478687962524946164e-01
3.678788573402784201e-01
7.678567202430883754e-01
6.602148828400216107e-01
-9.320812710731521955e-01
-1.703951435489586608e+00
-4.470241943668381568e-01
1.982677790875831292e+00
-8.068112940670367772e-01
4.348710156211765820e-01
1.067313196120246221e+00
1.784521270949890326e+00
-1.924345897902523417e+00
2.050451287168919556e+00
1.760441558327030087e+00
-6.028940120131218716e-01
-1.080135219309536154e+00
-3.339388592290766677e+00
1.223520295518031542e+00
6.260636640819566834e-01
9.393419359573289551e-01
3.980915483185094139e+00
-6.375104952745204168e-01
-1.973326494320736701e+00
2.548406413941864401e-01
9.549749661501567566e-01
-1.470239516088304166e+00
8.099655377266142819e-01
-1.725736899924581236e+00
-2.525597271805934518e+00
1.926800173094108004e+00
1.822843041971519362e+00
-3.899644180105625302e-01
-4.835475203515743892e-01
-5.029884409065762396e-01
-2.042723332205445885e+00
-7.090151615515891681e-01
1.183548963835785450e+00
7.562523331598750009e-02
6.002146149282010512e-01
4.438803526938109867e-01
-8.644243289298852995e-01
-6.307819339838205419e-01
-1.483768587441474329e+00
1.128383316756140342e+00
1.059979195166476762e+00
-2.864165616599801290e+00
