1.860449240889967548e+00
3.478060904834511247e-01
1.372579038694918818e+00
-2.412727814105696922e+00
2.701032579737378647e+00
2.112149329291702404e+00
1.644687128769951823e+00
-3.509257276749826460e+00
1.913215608441728888e+00
2.984440248045607813e+00
-1.066365193232524433e+00
1.812065052042673319e+00
6.724170689020045888e-01
-1.278854363621005463e+00
2.452985155744574541e+00
-3.946893399174671302e-01
9.878973451925554983e+00
1.736826823248358298e-01
1.194386052850510138e+00
2.364579874519066038e-01
9.908570605632465167e-01
6.001434594410011591e+00
-8.556337469302189858e-01
-2.780538416425089476e+00
1.744803495644613678e+00
1.783352503666314037e+00
-3.553058607546455416e-01
-1.150058404379481480e+00
-2.483104477351629313e+00
7.382437737683211765e-01
2.409325184976133016e+01
9.131480008230288270e-01
5.927428348732996177e+00
1.679509351544701268e+00
6.195554909654106268e+00
3.948229116181934950e-01
-8.132279607751444761e-01
-4.312977933248274970e-02
1.917668256590510101e+00
7.654961468130493385e-01
-9.425214454905539441e+00
-1.230086154100794804e+00
1.102044698473915174e+00
4.495481735467122775e+01
1.198347629353988530e+00
-5.763416754757939575e-01
3.841691171440581698e+00
8.500224940339988766e-01
-8.692135282369151117e-01
7.804484708663728121e-01
-3.120014274647447267e-02
2.714994686351563935e+00
5.172199655921688732e-01
6.154935702060773117e-01
9.580541445427138925e+00
-9.542251774668861231e+01
3.279147894897644022e+00
-5.223380748506013305e+00
-1.155192544459683557e+00
-9.838909642467243977e-01
-8.181099733163840426e+00
-6.435813975804507425e-01
-4.500208166278125255e+00
1.010257520081062399e+00
2.096821980137603347e+00
-2.246847606122172714e+00
-5.217576806378485976e+00
8.146772295812337861e-01
1.158948732456944741e+00
-3.554456070949305602e-01
-4.600894128726346066e-01
-3.781762649710836491e-03
2.739075861951570268e+00
1.293761153761205263e+00
1.598540432644013354e+00
-2.388210227991666379e+00
-4.456632197733156886e+00
-6.320850840857094255e+00
-2.258970356573587246e+00
2.158619099016420684e+00
-1.044931976913056726e+00
4.327003328943056504e-01
-5.691906781443020064e-02
-2.327646965556592340e-01
1.363720171815677507e+00
1.112150515235557968e+00
6.570346111622138885e+00
1.809388061403168990e+00
-7.028508147091655500e-01
9.100599272428067099e-01
-5.046544533320215242e-01
4.071265319166067087e+01
1.247961755571020542e-01
-1.555063298328825727e+00
-1.475544070039209454e-01
-2.439983327319705353e+00
8.076218777845041163e-01
-2.084093300006172100e+00
4.860143191771664761e-01
3.660581670940006860e-01
1.255997309985119881e-01
1.833332732856145952e+00
-1.532376775293750049e+00
-1.418783563867093811e+00
-9.123147821953357939e-01
-2.582425963346704822e+00
2.568852346287851807e-02
2.132921973578146613e+00
3.443336208545018096e+00
-2.983560237836377915e-01
-3.918184247765330586e-01
-4.024224137401873236e+00
1.770736033206590232e+00
-3.886581035390792582e+00
-1.925806375452411734e+00
-1.329640243649839348e+00
6.895845078296052311e-01
-1.649886332208507156e+01
-4.581355063514415127e-01
-2.396909219784181533e-01
-7.946087477418313227e-01
-2.239434981860813079e-01
-3.507423018963928385e+00
-9.098944690476830743e+00
1.401802335363971963e+01
-1.450484865826293213e+00
1.587985152038218217e+00
1.356469777606550686e-01
-1.496606556481103467e-01
-2.021385922335716678e+00
5.229089845584073970e-01
4.182537080376750871e-01
-1.014842113783974042e+01
-4.247890256827932198e+00
-1.954769898667454653e+00
6.385490688588579822e-01
-8.165590602946650733e-01
-3.936050687468837239e-01
-9.478391082566923753e-01
3.815431271505952182e+00
-1.877745574603972623e+00
-1.134895704221988488e+00
1.972974855070327216e+00
-1.841104776410551827e-02
-3.784174496921402508e-01
1.200462283529300844e+00
-1.572822410147393768e+00
-2.020827980972088156e+00
-1.113374338620403137e+00
-7.473014522281655747e-01
-9.175155124700035358e+00
7.998464295533884716e-01
-1.423842705482298143e+01
4.938610130443359836e+00
-3.692402060561600141e+00
-1.114536089742901304e+00
2.267593765129440442e+00
-8.727217571925827144e-02
2.943959615544811670e-01
1.762089100174713963e+01
-1.859167042838931527e+00
3.986591961508914039e-01
1.476453219211411039e-01
7.547810480572565428e-01
-2.748486089034985369e+00
1.266900015300134186e+00
-5.567312009366718684e+01
2.020685312479950091e-01
-2.202465071062165158e-01
-9.505603930796655554e-01
3.984864159242462733e-01
-1.124226087301236277e+01
4.833135841077704775e-01
-1.059729915937156708e+00
1.509581753473388854e+00
-6.312792345137452354e-01
-1.892805649686576608e+00
-8.655062692520190115e-01
5.973086343388740005e+00
2.121610814534951039e+00
6.062661614381368302e-01
-1.224788566913765919e+00
9.034205276379822180e+00
-1.910127069857383120e+00
1.496990404052436663e+00
2.209227761321008359e+02
4.981968862969990974e-01
1.770747082886982016e+00
1.743441260412796900e+00
9.066439427706004528e-01
-2.142829455592850874e+00
-4.821489513504879199e+00
-3.172077528901876331e+00
6.756431593328924290e-01
1.347971493682232236e+00
-1.049054880705333759e-01
2.839980722340680330e-01
-9.642675735915778867e-02
-1.663310967216224157e+01
7.023430385598083525e+00
1.426364334164556436e+00
-1.532185599176316027e+00
3.591428346848878572e+00
1.536760641125911597e+00
2.582731193141230008e-02
-4.883002081104557274e-02
2.413279908422813591e+00
1.216335325386443511e+00
-7.236919019570129397e-01
1.578195601247179558e-01
-2.904051287550751814e-01
1.988389040250702289e+00
7.963710822933432354e+00
-5.534406278647736599e-01
-1.745694842632290467e+00
-4.829908115825832793e-01
2.699491731849336773e+00
-4.261882295971267887e+00
-1.607464577320749299e+01
-5.702793394071494770e-01
2.290246671247293975e+00
-5.508381972706505536e+00
3.157788488871065002e+00
3.458153596535334273e+00
-2.078282946190285863e+00
-8.545703723540201135e-01
-8.953498335718412804e-01
-2.135748809150090466e+00
-2.629893124910489988e+00
-5.409770453451838712e-01
-2.209307131034075056e-01
-1.350993686558598750e+00
-5.648071733638850844e+00
5.398741601698497927e-01
5.556745353122206410e+00
-3.109995717842463492e+01
-2.485006989548663725e+00
7.353917321917925742e-02
-1.173201383574924073e+01
1.323135750440152858e+00
-9.868925518948599152e-01
2.481848978016487184e+00
-5.287270389084504085e-01
8.178300692418506657e+00
-3.786179803911291941e+00
3.532951931193388795e-01
1.341999015153075625e+00
1.528576239397209102e-01
-2.666425467238891756e+01
1.024574252233505067e+00
2.193211095517720643e+00
-1.839291338855667313e+00
3.927671936762943128e-01
4.616621339507783195e-01
-1.544050930754371720e+00
4.008380986932185142e-01
1.103331521600150023e+00
3.577839721977635890e+00
1.064444915455087237e+00
-1.994695685940374830e+00
3.555917648531589093e-01
-1.527184547302792295e-01
8.734877116765912275e-01
1.155107313301970180e+02
1.153955802736721159e+00
