4.037293807787211364e+00
4.288459664608910593e+00
-2.877603972648997144e-01
-2.193001749271914491e+00
1.634734791727970915e+01
-2.507478919796330419e-01
-4.175486171852460515e-01
3.565606557672521548e-01
-7.725010407381338595e-01
-1.235491977245283479e+00
3.899331178194294090e+00
1.458077347195838058e+01
2.130438225371252159e+00
-2.126131940764622030e-01
-2.921492836853962327e+00
-7.258826607556199961e-02
-8.913505157189385297e-01
1.159512258383791128e+00
-1.059832602473045560e+00
1.817965396564647645e-02
-9.170061189487056508e-01
7.312367680285020155e-01
-8.123301829331704971e-01
1.297816645791411427e-01
4.289755348340203861e-02
7.479679474429943298e-01
6.931065948053047321e-02
1.437314369516013324e+00
1.125179193395070953e+01
2.739676226312230400e-01
9.592271888046776107e-01
1.259197347123901078e+00
-1.443165740528077556e+00
4.353259903265550790e+00
-5.009168530984837719e-01
-7.847183891425061342e-01
4.527062189282646254e-01
4.885830772508237274e-01
-3.153051917189894082e-01
1.454523599014901025e+00
-3.133940601065029474e-01
5.054913439045108370e-02
2.762412040276735481e-01
1.251803866684206179e+00
-8.792542312702660290e-01
-7.024103699361254893e-01
-2.519904421093853153e-01
6.847115217176137136e+00
-2.380635055063159145e-01
1.034237334581286971e+00
4.488960358871428191e+00
-1.593978014719961145e-01
-1.028263500943396025e+00
-3.639459535706610627e-01
-1.265687698515009840e+00
1.064582817851936536e+00
7.340612164180979615e-01
1.063980899933760771e-01
4.414073242258250929e+00
-2.280294881235084503e+00
1.650104775509500410e+00
8.497461506272054876e-01
-8.710943982704635324e-01
1.189991520858568519e+00
-2.751627127375076420e-01
-9.586924811443481298e-01
-1.287322651335405688e+00
1.756354543615536556e+00
-1.308915728387782806e-01
-3.782982550637421504e-01
5.427292035895998623e-01
-7.034032215212810968e-01
-2.807147799134041555e-01
6.619723616598345295e-01
-9.262518538489430853e+00
-4.841533197122954713e-01
1.402072185971038998e+00
-2.727241609816683510e-01
5.343349823980496627e-01
-2.488371214996094949e+01
-3.295335380156165783e+00
-1.252715779399983909e+00
-1.922463464731781091e+00
1.328114317359973817e-01
-6.425201308512056286e-01
1.040655745222568207e+00
1.972519674016358193e+00
1.466646731781938440e-01
-1.664052828332067691e-01
6.262075641277078386e-01
2.379064847807307093e+00
3.560864866993080913e-01
-4.156807243657213713e-02
3.422654666095120701e-01
-1.514407962092146676e+00
-5.484785577965555214e-01
6.521222064424692100e+00
4.249963969512786099e-01
2.032104211263606464e-01
3.742828428308345723e-01
-9.431124124801328890e-01
8.637673899329331162e-01
4.486927465962478045e-01
-5.539761263853608675e-01
3.233695912549841900e+00
-1.704246133500731120e-01
-2.026881039586800881e-01
4.896215027290591881e-01
4.369768198837196138e-01
-1.055927102757948211e+00
3.740330998502767179e-01
-6.646560262189926682e-01
-4.538730522440495019e-01
2.028406197084393625e+00
4.867715763366071258e+00
-2.401245423621762853e-01
-1.737725904076085071e+00
-1.006307830947493542e+00
9.487914875904537304e-01
8.188332876917192138e+00
-1.871149019598188801e+00
1.838094184166281231e-01
-1.258356531286276558e-01
-4.242128293740304312e-01
5.980487365100403352e+00
1.500285731921093546e-01
1.614648761117479570e+00
-4.223819576820232458e-01
-4.697362440704497821e-01
-1.046816635215075841e+00
-1.284672338050775853e+00
4.871563429607899676e-01
1.879117741552819743e+00
-3.170668512087342905e-01
9.470594968783219159e-01
-1.123946176133139740e+00
-3.047076156244315492e-01
5.692910497094716415e-02
4.532987861939560270e-01
1.730879076696709262e+00
1.220146186085479395e-01
2.017148700875248668e-02
4.575490440698028183e-02
-3.247461235114679212e+00
5.585571996664159128e-02
8.335581892351773270e-01
1.889929743167876763e+00
-4.860295101781264560e-01
-1.202006048744718725e-01
-8.436416919586117290e-05
7.862271889329723873e-01
5.451516253601758066e-01
-3.098143076944138707e-01
-5.304910304238826813e-01
-1.880219157353054116e-01
3.493492952545037000e-01
5.878344134757926831e-01
-3.811327901976837573e-01
-3.694277941351252481e-02
9.132674892053881111e-02
-1.514383629278540644e-01
7.700278381155317708e-01
2.815724676067595245e-01
6.870443991711770726e-02
7.833005532558900086e+01
5.518202439798947090e-01
-9.597629607734603496e-01
6.112069236851355170e-01
-2.143189640692022113e+00
-1.110199818226679236e-01
5.129127812811599962e-02
5.182422870898140133e-01
5.838801188481754778e+00
1.890592164425853872e+00
3.705586603876672158e-01
-7.154055386904638603e-01
1.743514799138668803e+00
1.467456612809979077e+00
1.048439781026327511e+00
-1.159333204723014543e-01
-2.045739502978805913e+00
4.991994311008536300e+00
5.742305026356503417e-02
1.636181828779814385e-01
-3.538452729324598200e-01
-2.371459544704977329e+00
-6.870568552566080900e-01
-9.809307224905997047e-02
2.513929790770275119e-01
9.012894118806862309e-01
-3.092852214900887908e+00
-8.934018895393216475e-01
-1.008624252507341668e+00
6.408276425161869572e-01
-1.446580693943374740e+00
-5.765052224021540717e-01
-1.538131431393590987e+00
-2.666686045935650617e-01
-9.333477650783477131e-01
-3.036794072846490389e-01
-1.427657406005900631e+00
3.221811209305753820e-01
-3.537147298031798393e+00
2.111069558031627713e-01
3.002453104567882836e+00
-4.487069666919983324e-01
-1.294101140285179863e-01
4.928352245768593543e-01
-7.214572125146987425e-01
-2.401707706134571296e+00
-1.088524200996766833e+00
-1.043513876248262306e+00
6.956654775545195735e-01
1.858330761936572983e+00
3.175147655286277848e-01
1.102472310257153421e+00
-1.606440184396743742e+00
-2.701603423209041344e-01
1.275696969566963157e-01
-7.309993876707938654e-01
-2.110514102841644757e+00
1.310828832350512951e-01
-8.036615141568481668e-01
-2.846263135879349981e-01
-5.341877029874297911e-02
1.507049221903958014e-01
1.278921861309957775e+00
-1.694419978299504803e-01
6.977712804474009607e-03
6.569954900848773427e-01
-7.251866479610969973e-01
5.863796131874324802e-01
5.961751712845078099e-01
-1.587562821316210293e+00
-1.004338631907655932e+00
1.272918205812889392e+00
4.914093942698595230e-01
3.150021515836280095e+00
-3.901180218769120245e+00
3.691069713685134479e-01
-6.114873771888671428e-01
-9.376139285140281387e-01
-8.479705622688555877e-01
-1.046718535191450972e+00
1.333763488586890755e+00
-2.670579297443873359e-02
2.262336576897605034e-01
3.469960847243578339e-01
-5.550514771309800893e-02
6.600720487416228410e-01
2.424122667583117341e-01
-5.426431372231732553e-01
1.362565523248939314e+00
5.564904818395429720e-01
-3.564148805309910184e-01
-9.132725137309194441e-01
-1.936219672695909111e-01
-1.088249791716779491e+00
9.312834268892302703e+00
4.290657536402442407e-01
-2.455428737827446639e+00
1.656773022243363869e+00
5.300533380339332856e-01
-5.273319218879420900e-01
2.145444221919989403e+00
