-1.363932776570642713e-01
3.067547180199343693e+00
-8.199870280288384938e-01
2.813630596398971617e-01
1.980677750001880622e+00
1.690631035613709976e+00
2.266357464634302377e-01
1.975245532279616745e+00
1.928834963135382108e-01
1.263682501609513231e+00
2.009111226979046982e+00
4.513257473790742713e-01
2.173178106277128929e+00
3.972438348357341664e-01
2.211041854690822817e-01
-3.586711330522996377e+01
2.533476764507561096e+00
2.042249084865189968e+00
-1.776225705759397400e+01
1.887220487882602171e+01
-1.722044470200101429e+00
-1.875187814263483688e-01
4.326430324491937207e-01
2.899406808949298142e+00
1.065932411169403871e+01
-4.646769013528719405e+00
-2.070598670656198514e+00
5.751142146481484918e-01
1.390925735679099162e+00
-3.533572999905570278e+00
4.562572064286599810e-02
-1.369076244677091825e-01
-8.753920639932766257e-01
-5.121495436605175700e-01
8.496065977354716470e-01
-4.485844764422679987e+01
7.566120771602260486e-01
1.501975127458677548e+02
-1.073336104233847621e+00
-4.565332241397159208e-01
-5.514379655997233343e+00
-3.787558302868299620e+01
-2.135604255395456175e+00
6.492075446221460266e-01
-1.218034617715279405e-01
9.528907424687879768e+00
-9.630522733699393712e+00
-7.569193920090464545e-01
-1.686250391387308412e+01
-1.177035683232629992e+01
-8.208860527330099188e+00
3.320195319760204988e+00
-6.923496123754508957e-01
1.372692346851735135e+00
-2.021003692657690198e+00
2.096687113614230033e-02
1.564905353909898267e+00
2.302380114319432014e+00
-5.659584896597184139e-02
9.810089352171602606e-01
1.693362434793610760e-01
7.761269122239762286e-01
3.157807727555165229e+02
-4.918365920353651610e+00
-2.017820637927806970e+00
-1.371297206025693605e+00
-4.111449714917871784e-02
8.388168547553561671e-01
-2.049700055466807225e+00
-2.192485754776296147e+00
1.230096062644701727e+00
-2.970673936504671708e+00
1.904686740805204614e+00
-5.925416307956091200e-02
-1.084984072658482956e+00
-1.615155245477575718e+00
-9.182610634634578162e-01
-6.537477441670054645e+01
1.321269285229356716e-01
2.049891009937356567e-01
-2.194037769056046694e-01
-2.341930837493016310e-02
-8.070218702619111339e-02
-2.614611171395394562e-01
1.028994902095221819e+00
-6.250254122262196566e-01
-4.713646211736043090e-02
5.279784645868865756e-01
-5.685915728442957340e-01
-8.745057468850995219e-01
7.206501216447329661e-01
-2.591005066491791187e+00
-2.330232870190915406e+00
-1.650476244252835123e+00
-9.495630346530460342e-01
-1.712114018289350725e-01
-6.151266333386525176e+00
-3.532776695944299661e+01
4.737373675238121806e-01
1.848352656553679862e+00
-1.935319729169707159e+01
-1.203562880089488196e+00
2.693540629842812617e+00
-6.825387690946392860e-01
6.247136421197715173e+00
3.442237846087296216e+00
2.296278185523475956e-02
1.726447220265877602e+00
-3.403915935436218621e-01
-3.718841534665112025e+00
9.840833571810202185e-02
-3.024127558532581972e+00
1.506374335391168717e+00
-1.837423119239602887e+00
2.568309999949056621e-01
6.779222686388182151e-01
-8.661356389558705349e-02
-1.183228617252951170e-01
1.074166930104542672e+00
-1.117122282010735157e+00
-7.444582248206599306e-03
3.664917828921528814e-03
2.131841981987443041e-02
-1.842233684591972676e+00
3.873899221914503532e-01
1.131985205848961229e+00
2.078667273430307993e+00
3.199339297256285519e+00
2.360880116558606634e+00
1.380013040284731929e+00
-3.753599362864479816e-01
-6.277431677113003428e-01
2.090210913257297687e+00
-7.666051403084419569e-01
2.338328017985877860e-01
-1.910751178055195121e+00
-1.634762278265636803e-01
-3.190224495123676007e+00
-1.573058273962018916e+00
9.220566874753332032e-01
-2.028227927208982040e-01
-4.111653115831828131e-01
-1.984218415508225419e+00
1.473507497386960186e+00
5.017456817893427790e+00
2.845891937841579900e+00
3.134429078588465978e-01
3.720015057378477152e+00
-8.350097870333950123e-02
1.492915433713091211e+00
2.151433976846176821e-01
-1.592326690709539916e+00
2.818626741433551963e+00
-1.877911056043258142e+00
-8.422393677405568546e-01
1.032652766484030010e-01
1.517849924519207505e+01
4.358110067564877621e-01
-1.590746267399018032e+00
-2.135669881505367407e+00
-1.937030960660017342e+00
-1.484672812617181759e+00
3.336345971213825479e+00
-4.965057368368273882e-02
-4.205272477095682859e-01
2.104522634784912194e-01
2.460882723186766374e-01
1.387020234453173018e+01
1.258795505474962773e-01
-1.350128126742000667e+00
2.271112523334600120e+00
2.327158522333757085e-01
-1.614237588220197495e+01
5.064541632638119850e-01
-8.209408546032201937e-01
9.862618258811531646e+00
-5.349724463950450426e-01
6.536911625365233736e-01
7.937046870588181369e-01
3.121329896958334515e+00
-9.394500178291205206e-01
9.904486780536847501e-01
-9.699197706908016414e+00
2.226192859310336836e+00
1.773061686561926198e+00
-1.919543255740499665e+00
-1.582935521400719581e-01
1.022178278717606435e-02
-3.126549594036144075e+00
2.630800270876992197e+00
-2.694099208731317030e-01
1.419886226131184648e+00
2.746147009822896834e+00
6.799750914275944913e-01
-1.614238924719448853e+00
9.569572541459619996e-01
-2.166219447497840900e+00
-1.927470267024546269e+00
1.453597196620209031e+00
-1.705697142924005760e+00
-2.070064617620567260e-01
-7.524055080943972129e+00
-5.389254971088585755e+00
8.981192041357547451e-01
-9.858846321209576713e-01
-3.764849608628604294e+00
4.172453695115385663e+00
-7.705040395125281050e-01
4.578141778086823599e-02
-1.447024427568738059e+00
-5.103604958172867079e-01
-1.613931083863040294e+00
2.374824598643425766e+00
8.226560755768244082e-01
2.972873476401257098e-01
-8.772642043493803499e-01
-1.526314761278763754e+00
2.129234490041393091e+00
-6.780485732057934811e+00
1.013801228949214872e+00
1.047859094036174721e+00
-1.158084829726779397e+00
-2.254177730082757680e+00
7.434768527261317317e-01
2.349586257627347852e+00
-7.311442881954874906e-01
-7.870706073187049290e-01
-2.084505135811526522e+00
9.059540926202030997e-01
-2.750554463225133972e+00
-1.142805477187942148e-02
-1.955809392355104537e+00
1.772521388758400818e+00
-3.386763062494443366e-01
-5.539673016230396013e-02
9.438615244311572283e-01
-8.081238091011866409e-01
8.801671889373235969e-01
1.355163961643089943e-01
2.808264761326068060e-01
-8.099596196353173738e-01
6.636938907656168007e-01
-1.634899027828585538e+00
8.562896789712851064e-02
-2.209881335775049360e-01
-1.327356181426382967e-02
-6.193725058672382433e-01
1.747639522054614147e+00
4.775469793526021078e+00
1.737269520549339363e+00
-2.365024751829916561e+00
2.060764828364200163e+00
-5.655708556878524806e-01
2.979301961285464984e+01
5.970811325993987673e-01
2.127582815365576530e-01
-1.826653923253324097e+00
-8.511357383762956363e-01
2.765850005867859229e-01
4.595489710777024284e-01
-4.381870563765661863e+00
2.251671463719552513e+00
1.392832629812206235e-01
1.307517397019468230e+00
2.012132678440331723e+00
