-1.675475978043193148e+00
-5.831762136631708504e-01
1.037448266998550306e+00
-6.743204232119777153e-01
1.108799457925500054e-01
-3.608976857363286328e-01
1.015875026135133058e-01
-7.085109540462417588e-01
2.079358371040058273e+00
2.053394461214499978e-02
5.145885979262549981e-01
-2.444412423775804699e-01
-1.705995559097984948e+00
2.626542648150650638e+00
-4.931771180900536566e-01
-9.797691252447290333e-01
-1.054810127074733650e+00
-8.694622045765361129e-01
-7.192318141235454210e-01
-1.587549353038542499e+00
-3.483725768196979100e-01
-1.693937975144600205e+00
1.996918195366704118e+00
-8.126944508430848924e-01
7.509590218699566666e-01
-9.619044395067980480e-01
6.694160342734902791e-01
1.145527258385326430e+00
5.044624941489967984e-01
-7.324584623341398038e-01
-4.905095401235077812e-01
-2.454605213850630463e+00
-3.465511619173067270e-02
1.871961011650669304e+00
8.261964697920862744e-01
-1.640132237624843725e+00
9.246725184530431019e-01
2.160724634110366082e+00
-1.648978417406427255e+00
7.365359457001885435e-01
8.721846882208328378e-02
-1.754005107539442276e+00
1.881323964125670933e+00
-1.890769903702638643e+00
1.818425138803666519e+00
-1.710094308332541779e-01
-1.333062361622224801e+00
2.472896512542994696e+00
4.655909728540842396e-01
-5.428043284434178606e-01
-5.589761358564633298e-01
2.610691044489932278e+00
4.054748271620369771e-01
9.157152476236193328e-01
2.256279759239670835e+00
1.622589813318588980e+00
-1.517742200325062685e+00
6.450622673204373658e-01
-1.337233909753550387e+00
-8.235054701824195966e-02
1.400400340261031662e+00
-9.160130797235510602e-01
1.595513841128555210e+00
-2.609566511382002574e+00
-1.571533481010957578e+00
2.882386955769942638e+00
4.239148726996726069e+00
-1.406664057056792316e+00
3.539254932698470135e-01
5.008966101591521003e-01
-1.412105007640117593e-01
2.352074390107799395e+00
4.696587483363347526e-01
-1.476888347258007883e+00
-5.629557736564713366e+00
4.515979581362311590e-01
-3.187025740939488205e+00
1.559990079876007574e+00
1.140450199461806591e+00
9.690769094383266946e-01
1.115535059543484309e+00
-3.963317808279363114e-02
6.908893051496045601e-01
-1.875486919416590847e+00
1.644051525466650116e-03
-1.517910890778417787e-01
-1.710789175932488915e-01
3.177837570354637542e+00
-4.621744300272720429e-01
-5.630699411543251820e-01
-1.385390288958808114e+00
-2.262715487077408216e+00
-4.462164218473012589e-01
1.964640333356194590e+00
-1.251841424395552238e+00
-1.737482899837535788e+00
-2.017618794849571628e+00
-6.345417574041367637e-01
-1.884352593848319657e+00
-7.944286195560984476e-01
1.080970044569358191e-01
-8.358929164012036672e-01
-2.373184567188768579e-03
-5.044000848733394271e-01
-6.011012909693808082e-01
1.544225432094024297e+00
-3.344632319016564992e-01
2.518342383217968550e+00
-5.020873043179430173e-01
6.482668021796756941e-01
1.827084832855537799e-01
-1.307663434086978604e+00
-7.978524565463677165e-01
9.812700421343464319e-01
1.135850556712169279e+00
2.741414206115740715e+00
2.751957551724852458e+00
-2.541159865117554872e+00
2.367714812581438011e+00
-1.793499080069530072e+00
1.328261606918828552e-01
-5.923743333274531508e-01
1.034091587060587347e+00
-4.624942083490068967e-03
1.302407833125030168e+00
2.153004422167758836e-01
5.129023123988507571e-02
-3.475736802158754801e-01
-3.547255613354199921e-01
1.593750821040017307e+00
3.187709388652212095e+00
1.558638976522953357e+00
-1.948670589610984161e+00
-2.940332910756432439e-01
9.210790819275198604e-01
1.059489882394292759e-01
-1.412659307638843842e+00
1.811398001620807330e+00
8.495066056395901288e-01
-7.293384412148113949e-01
7.076234578073439252e-01
-1.864464948322427151e+00
-6.093478992282059803e-01
1.150788882320826989e+00
-4.905864165276970779e-01
-1.407026152869613744e+00
-8.944482890797855745e-01
2.237348283723388676e+00
-7.852996025371754563e-01
4.040644801765470362e+00
1.279643966820428691e+00
1.710372089115963501e+00
1.534083857180111199e+00
-1.371553606753160182e+00
1.942432502237469105e+00
4.992711268478047248e-01
-1.977153308664156395e+00
5.610617585103347960e-01
2.094856422814454611e+00
8.998841837362528961e-01
-1.955041609704597505e+00
7.730797255892576381e-01
-1.582426536637913328e+00
-1.331147327613674491e+00
-3.115262883771489633e-01
1.740345620624865752e-01
-1.028928383618651576e+00
-1.079278006335729234e+00
-1.426514963343694653e+00
-1.768994979065288686e-01
-1.189651770210184756e+00
8.473428534825544478e-01
-2.066944943421762826e+00
1.786503992094192195e-01
2.088846387497181212e+00
1.774916575872100832e+00
-1.282064473550700856e-01
6.856249850917305322e-01
-2.233027307494380054e+00
3.570306535948348792e-01
2.487620515604695437e-01
1.564378949428696930e-01
-1.559179555668629424e+00
1.614521445575762604e+00
-4.662996762033710385e-01
-3.312106060749448133e+00
4.846807612754845396e-01
2.922613556992435413e+00
-1.255355584459987073e+00
-7.925270060589922894e-01
1.353439449878034440e+00
2.409496634482697797e+00
-1.251402230899188561e+00
1.163413455639001670e+00
1.477917500221289204e+00
8.864532834170351094e-01
-2.122573911296723667e-02
2.243008524044550089e+00
-5.093329623108263648e-01
1.098361895624887730e+00
-3.189085091705857966e+00
-2.695852698092627842e-01
6.630927036093576810e-01
2.003072079370698422e+00
-7.976796139438413480e-02
-1.473268265710726332e+00
-1.482223065831435038e+00
1.334043997358536515e+00
-1.607376339959110112e-03
-2.390173571937342256e+00
-3.039638769527901907e+00
-8.245944629215573585e-02
2.242880851650705942e-01
1.285644843534319515e+00
-2.420853962792177683e+00
9.913211329180526832e-01
1.150875735333512395e+00
6.354459818587943065e-01
-5.613547607765951852e-01
4.560213826677433357e-01
-5.010892888694647995e-01
-1.316089097785280160e+00
3.515674856713509211e+00
2.601155445487589368e+00
-8.833610781655428790e-01
-6.533315543853764062e-02
-9.074948654855201635e-01
3.430366621779643577e-01
-4.208040700015876823e+00
-1.231348575500057052e+00
-1.483727117904669823e+00
1.366411976561449970e+00
-2.902111819417073080e-01
1.003094263094080896e+00
9.870225778653901605e-01
1.631644035563278194e+00
8.929139560418386523e-01
1.707276203271201886e-01
2.160520392329150940e+00
3.085045309211006392e-01
-1.872678282597570465e-01
-3.168547090168869929e+00
-1.228217498683450565e-01
-8.311505485263439574e-01
1.180978015610272935e+00
-5.015662279099175613e-02
1.603317246978883448e+00
1.010201105766186824e+00
2.804784764792688456e+00
-7.442189107358372357e-01
-1.080212085127858712e+00
-5.888583583876203509e-01
2.200880460478513712e+00
-7.411203875065968116e-01
-1.056100148878463818e+00
-2.946865901224963835e+00
-2.605811760463234150e-01
2.607957431522192060e-01
-1.487577136791948362e+00
1.567686722795927690e+00
-5.434593369846753008e-01
-7.752144752977767617e-01
1.709611240105141372e-01
1.162666663444734239e+00
2.262843402784968649e-01
