9.495317003756063023e-01
-2.067546026982184093e-01
-3.419467143773076145e-01
-8.833578968561343892e-02
9.710943483824472366e-01
1.002514854647781117e+00
2.646505395372318326e-01
-8.599614294200472742e-01
7.605363832103337884e-01
1.782048286444424035e+00
2.290904479878925759e+00
-2.123173934436056509e+00
1.310580398334463492e+00
4.749100769201305416e-01
-7.646938839039791880e-01
1.332168832744516695e+00
-7.267377314816003686e-01
6.073560651512144304e-02
4.432837501255694479e-02
1.516006795986498457e+00
-6.040138859726973397e-01
6.317496307269617750e-01
2.796713506214336675e-01
1.088738530492484591e+00
6.063080384474945905e-01
-5.197861285248438490e-01
2.033954294868622337e-01
-1.806552612001524727e+00
-2.197866335956770167e-01
7.016187394753283790e-01
2.359274364349849273e-01
-3.098283726537934823e-01
-1.147382537304429073e+00
2.247083187369655732e+00
2.656302456756805874e+00
1.083136953171051742e+00
-3.328074450622320324e-02
-6.583163929463129449e-01
7.909797534828451326e-02
-1.003895680010477687e+00
-9.548065175186633280e-02
4.485101198227868236e-01
3.341648241685629128e-01
-2.577102415630949106e-01
-4.969642002241340117e-01
1.371323774217979019e-01
-5.623994421388891496e-01
1.512150334911631866e+00
2.829742949541297570e+00
-3.720377806865605708e-01
1.433926341566950313e+00
6.692799371995925561e-01
9.092740612741220252e-01
-1.125832830524980954e-01
-1.488385903341475081e-01
1.262660122220432002e-01
8.267616143890040847e-01
1.632755030022148279e-01
-5.625239564667728898e-01
-1.133475224725681185e+00
-4.360205134004935257e-01
1.293615466500355193e-01
-5.691277932965403963e-01
-1.188713697641903710e+00
-2.786446239610331777e-01
1.180763677208159557e+00
-3.999411083446626630e-02
2.514825213822525107e+00
-1.787885840945194482e-01
-1.012767930821742768e+00
8.481450823109426551e-02
-5.079017307748801002e-01
2.697970557880529086e-01
-8.751439320417238044e-01
2.229577023691036608e+00
-3.129125789078345821e-01
-2.589131453764975110e-01
-8.003854519268183143e-01
2.164393185352784521e-01
-5.583393939688575669e-01
9.606486286124373830e-01
-8.223491584777016250e-01
1.255354963599025764e-01
5.793590905204657471e-01
1.978482842411229736e+00
3.349569356440182943e-01
8.848793410720837693e-01
-1.089904889256729514e-01
9.432958622967402285e-01
7.142171037954669899e-01
-1.067038340789002504e+00
6.695295784309547305e-01
-5.332613518701611044e-01
-6.538674120735736839e-01
2.420791246824678944e-01
1.129800980698794921e-01
1.646278563915110071e+00
2.467043798779789299e+00
-4.040637412377190985e-01
-4.859751008260319027e-01
-1.157005631371503390e-01
-1.599758356427938011e-01
1.211274110040843954e+00
6.260426525457155611e-01
-7.916076211772434812e-01
9.391836249576737128e-01
-7.382285205227214764e-01
1.237989269695088490e+00
7.220932508432697204e-03
8.449401303585504230e-01
7.494226353710183863e-01
2.454224521600625319e+00
-9.455858143724306109e-01
-8.981356143124389346e-01
8.713559756795664635e-01
-1.423571086803211649e+00
1.239765140348861533e-03
-5.319927268468127579e-01
-1.930001635081304734e+00
-6.286906563038836548e-01
-8.494698300594871743e-01
1.473086779252641199e+00
2.532266543503433054e-01
1.292312610538242368e-01
-4.418853746165951613e-02
-6.906302217572446445e-01
-1.359656444310022305e-01
7.756388705113756998e-01
1.085220607078710486e+00
-8.653296826422828270e-01
-7.531003235253308503e-01
-9.947805476642302969e-01
-4.222169213506100083e-01
-1.002929998103383902e+00
-3.621119117585425151e-01
4.479357206716835238e-01
3.974909113738667177e-01
-1.320802368121420045e+00
-1.214485873080794753e-01
1.547873776875799523e+00
-3.214640835288887222e-02
-1.236987508448047723e+00
-9.990690103077516371e-01
-5.468595940863283378e-01
-9.805669659917159997e-02
3.393173414066901761e-01
-6.996354563792156478e-01
5.700126494777928432e-01
-4.000188688820511818e-01
4.453123762394674556e-01
2.514042367496056585e-01
7.159239788198201726e-01
2.165502997469715751e+00
7.479902830913972567e-01
1.310533714598256794e-01
-5.398856353863606961e-01
4.276520798627723718e-01
4.756214878264309887e-01
2.788545186868153225e-01
8.656903952852730288e-01
-6.734124907411319638e-01
-2.690372249517883341e-01
7.698109855461121587e-01
6.839886844320623993e-01
5.872115529268269185e-01
2.829140312536355117e-01
2.815840951126069580e-01
-5.098443728480005731e-03
2.733141604266306146e+00
-4.091583749818731297e-01
-1.425056602710295328e+00
-2.168372118932622994e-01
2.434187286678439199e-01
3.191331312822661137e-01
-1.854940609261374052e+00
1.262069466724539124e-01
-9.760230755963403282e-02
-3.491267561879953796e-01
-8.788974851092783425e-01
7.687548097215739229e-02
2.358970720287720535e-01
6.292487830767814483e-01
-7.556256871661575225e-01
6.378055490012006778e-01
1.115369967744810564e+00
2.479113577887464837e-01
7.650907700506901499e-01
4.683550558458475788e-01
-2.495653475041119673e-01
-8.953410977790630110e-01
-7.437538687355967071e-02
-5.480997955811658384e-01
-3.236378351515501461e-01
-2.458809172805517460e-02
-2.226684008638529555e+00
-8.007142741651734896e-01
-4.955927793741334852e-01
6.944016415058258396e-01
1.028879754342024722e+00
-6.939261219074921438e-01
7.277288976478614169e-01
4.637371485831000006e-01
-1.646229967745632017e+00
-5.912326815452776385e-01
-3.316398289443717728e-01
-6.193576730851351186e-01
-2.084472427596268662e-01
1.057526083330804889e+00
3.185756451697399072e-01
8.896688060226654038e-01
-1.057383994649440773e+00
-3.991599801572466855e-01
1.285339266559915483e+00
-4.521827466975167908e-01
-8.419409767380281462e-01
1.053247717258042337e+00
9.902458222504417762e-02
3.252510053429502612e-01
-4.619454697866171577e-01
-1.684605582343807750e+00
-7.401955918919264632e-02
-7.746518391556068694e-01
5.762991863601615306e-01
7.329578172976178863e-01
-1.300257995583086634e+00
1.372628512939799532e-02
-1.601973475896512622e-01
-2.124845325213183811e-01
-5.249398146508690299e-01
9.414010064506267428e-01
-7.572500671906545744e-01
-1.488854522005553349e+00
-6.177127119609659295e-02
2.427782254117746286e-01
-3.888976482442024207e-01
1.222150378359606604e-01
2.348344324946715633e-01
-5.800580601461368113e-01
-5.518192266119635869e-01
3.730769947699982825e-01
-9.578526414365939878e-01
-8.770666046981882014e-01
-3.676228318427701147e-01
1.756308231136516351e+00
-2.493476326848903746e+00
9.492372710169042493e-01
-8.367558043018241687e-01
1.714885825141492681e+00
-1.217960539671565090e-01
-6.831059417323147587e-01
-1.438459891702970284e+00
-5.988709920021573901e-02
-7.299504965509409082e-01
3.926043042330789046e-01
1.713312011788795441e+00
9.777688240968042122e-01
1.147025015214942600e+00
1.068694633257017079e+00
-1.368406744973678535e+00
-9.582260329645286845e-01
-4.013667005121135389e-01
9.896065706260224193e-01
9.306971250122637873e-02
2.114396761797485702e-01
-1.918205121250227130e-01
