1.310985259442573714e+00
-8.601886835138961018e-03
2.430904919218810356e+00
9.056700383462391590e-01
-4.682823327068623698e-01
-1.979621371218731885e-01
-1.672084109994682599e+00
-5.133577747780337930e-03
1.379171117733264174e+00
1.440176777818495513e+00
2.345613105578623347e+00
-1.491584331473148062e-01
-1.069393604292986577e+00
1.285940362246841495e+00
-1.171800524202961569e+01
2.318686178823673671e+00
-1.120011881342212412e+00
2.029681656802031220e-01
3.053161990647577539e+00
7.747862535281828666e-01
9.510041627077159276e-01
7.998396574193782360e-01
-2.159610946969523937e+00
-3.107131948319533876e+00
-9.580185542194767923e-01
2.574583887084411771e-01
4.154357055646640817e-01
-1.732657393053819828e+00
2.094442283922832715e+00
-3.464208889975732291e+02
2.419946363557309854e-02
-1.376139132872507442e+00
-2.210738814969213539e+00
-8.682400502880764925e-01
2.237814256134715407e+00
-1.173955226345318348e+00
-4.332554538583082565e-02
-6.419160323869284035e-01
3.901506826883301970e-01
-5.804756967159396819e-01
-1.928866146028913819e+00
-7.245651807786412935e-01
-6.997882609572703139e-01
-2.574665502462941902e+00
1.277850806757139468e+00
-2.425107316612828967e+00
-4.237442798945522116e-01
1.089663749467525644e+00
-1.768832461199028039e+00
-2.717114184291353318e+00
2.088638130471296872e+00
1.578085319755476501e+00
-1.437588544026915827e+00
1.581272201886538387e+00
-8.514993446560406021e-01
-3.036196895718057398e-01
1.864926288757273731e-01
1.862775328930163843e+00
-1.224537057914312665e+00
1.321546237912345489e-01
-1.933414817464595981e-01
2.375001412723874716e-01
-2.488471096449425346e+01
-1.744481654962952710e+00
-9.755790708691936430e+00
-1.260056664157686246e+00
2.904468958813780644e-01
2.087271835987216662e+00
2.639421755382484136e+00
-2.849246605732673299e+00
9.657726458830736549e-01
-1.575387785003370400e+00
-3.148993112789183257e+00
1.001299223277833939e+00
-9.760695268969146188e-01
1.628329572781894719e-01
1.228619596337340969e+00
6.441335051418497493e-01
-5.280121531651316147e+00
9.434093845413897839e-01
-1.709779914841050186e+00
-1.969634148759465520e+00
-3.874153316206256914e-01
9.077935413427968836e-01
1.504811320927112561e+00
3.733734206808412281e-01
-8.663181176537301242e-01
8.576752202578710182e+00
4.385577511272469864e-01
9.678605786610937400e+00
-1.462992007005010642e+00
1.757523198318807101e+00
1.819168234591074906e+00
-4.068745674453151384e-01
3.429130604409498240e-01
8.777860636562691277e-02
-7.233247196528642675e-01
-3.350569983783332484e-01
2.158504998944890119e+00
-7.917994628052371642e-02
-1.736508699941304856e+00
-3.676191925020376061e+00
4.711440546160367226e+00
-2.356387964152466541e+00
-1.245529867158567727e+00
-6.638620594961468502e-01
-2.075575368829024825e+00
-1.518881706224447237e-01
1.617210761423578003e+00
-2.160090592053376946e-01
-1.440326696239099036e+00
2.400637174842690791e-01
3.254600996592511564e+00
-9.233406156229945205e-01
-2.705920196555499854e-02
-2.937863842866258235e+00
-8.766070263744296653e-01
3.704943882855328496e+00
1.728859452117492701e-02
-1.036154865458287944e+00
-2.487477286882704419e-01
-1.166227074649194506e+00
5.246495006974757347e-01
-9.279054105600541558e-01
2.947491583652208647e+00
1.092961241969302000e+00
-1.670620489175905554e+00
9.691277714346222538e-01
-4.243053226656310351e-01
3.433666143627673861e-01
3.906058353918670512e-01
3.836480472526643259e-01
-1.979094588856970205e+00
2.058887671362997551e+00
-2.698303246793771315e+00
2.623820848911718961e+00
1.412435940016188329e+00
-1.484995307384341601e+00
2.289108756579580017e+00
-4.872221437993661669e-02
-4.341687897553251352e-01
-1.787131013988762396e+00
-9.807386109554052656e-01
-2.826776886673134204e+00
-1.544587371236521234e+00
-2.207207468280169671e+00
-1.138482893356860259e+00
4.420309169152038531e-01
-2.115453455494798796e+00
7.358978830908216029e-01
-5.045161902244446051e-01
-1.798806161081988542e+00
-2.241608985475903038e-01
1.011330530124675775e+00
2.267562908915773390e-01
-1.866685552835234962e-01
-2.591622460096959513e-01
1.283621077560776813e+00
5.900976606446963757e+00
3.162675169269889563e-01
-6.326258214022679738e+00
-4.975352083078793952e-01
6.614484515236143114e-01
-6.000587936692475255e-01
6.948501576141441483e-01
1.073560778741687471e+01
2.865551827276873187e-01
8.938064012756237187e-01
-1.713442534736607348e+00
5.246458183398425845e-01
3.452858604447139879e+00
-9.638016463636838171e-01
2.703658347865688150e+00
1.271287411767075826e+00
-3.039763533142874508e+00
8.153863870521942392e-01
2.216185882360574233e+00
1.081944702643343192e-01
-2.606550584414413407e+01
1.011066930473008441e+00
1.348368874821211927e+00
-8.085843030727506431e-01
3.614355236340690558e-01
-1.576852867244724843e+00
-3.723032824342998870e-01
3.475176060443267101e+00
4.587760781645978669e-01
-8.671600334418165801e-01
-1.152965169210142360e+00
-6.115018268002108126e-01
1.993351094230329856e+00
-5.928687601870313850e-01
-7.383095634566744225e-01
6.595009221783858511e-01
2.851529851542782268e-01
-1.254740051277811741e-01
1.258829102448883130e+00
8.630308084164183269e-01
1.101261072963697796e+00
3.023982191487323279e-01
-4.345781571020818745e+00
-8.820042956029616743e-01
7.838559236899187432e-01
-1.410154774065669692e+00
1.865904264383421829e+00
-1.128236500739936421e+00
3.262796020887603898e-01
-3.457894148379054400e+00
7.794334854852770500e-02
8.806273793114121062e-01
-5.545056526040038625e-01
1.004558778520577178e+00
2.254900971758952544e+00
2.976826337090040742e+00
1.191695470694700942e+00
-9.410009473704931793e+00
8.258574365139104145e+00
1.854682587003253280e+00
5.200550032891827490e-01
1.778676931374371328e+00
2.762011276164753060e-01
6.399351556547889786e-01
-1.720310293538820368e-01
-1.434787943497936702e+00
4.740037859410659138e+00
8.853673974682720882e-01
9.946285021182920127e-01
-1.770186272074297795e-01
-1.590297541489769761e+00
1.020667964231667391e+00
2.999349300154366205e+01
-1.518450968400594903e+00
3.726989897765514925e+00
1.240541900280915794e-01
6.159285394737643582e-01
-3.719840828405348798e+00
-1.204872031871187188e+00
-8.621612634723607727e-01
1.350312105280689678e+00
4.335104788954607713e+00
-1.427353548007918249e+00
-8.595385900598125906e-01
-3.764143268966585687e+00
-2.182593399047182414e-01
-3.415735375229778104e-01
-1.422990416417185822e+00
-1.145452158184598224e+00
-1.834374769001072103e+00
-3.389967391364822058e-01
-1.565688608262404635e+00
-6.372941881584605062e-01
-1.211591534017023131e+00
1.844145350927367133e+01
-3.945857918630391037e-02
-6.040628256563036480e-01
1.927537245099053553e-01
2.167739978827449843e-01
1.768886131945126117e+00
3.409402610145133572e+00
5.754551773571400242e-01
3.045080521075205215e-01
1.237267772202064742e-01
2.514521342647325852e+00
-1.556956280817782590e+00
2.093408533756038192e-01
