-4.710882950657522272e-01
7.137469663011228316e-02
-6.763278165309559616e-03
1.542065641196046499e+00
-5.482807891467537109e-01
9.955396639649791268e+00
-2.695110554106817879e+00
1.496714964226106975e-02
1.711853288597700473e+00
-1.666683172001344637e+00
1.823599556012280853e-01
2.342120857753158258e-01
6.198459371626776626e-01
1.007359223202883403e+00
4.690669792419768669e+00
7.883539792295946036e-01
1.614931599798255513e-01
-1.567723667020625378e+00
-3.741930902255837799e-01
-1.346172917597127094e-01
-1.171512674310186242e+00
-4.913051664228403337e-01
5.940405293326418423e-01
2.354310453979122641e-01
-3.238562850109580338e-01
1.479456263036157626e+00
6.890770344441497774e-02
-2.570437269277213721e-01
-1.905187158262900526e+00
1.332400880804909295e-02
1.377097095067711663e-01
-5.983052027408459761e-01
-2.000198349196787295e-01
-3.155541537787606821e+00
-8.723115046228061553e-01
-3.795970692953083703e-02
-1.782512601205858693e-01
-4.285374858403295795e-02
-6.285795851082167651e-01
-1.041921939289790489e+00
1.912318923205694465e-01
-1.398983347086958595e+00
-3.818962808815917764e-01
-8.115531606350820382e-02
-5.412764593603358598e-01
-1.374268251822118092e+00
-3.035148182861905575e+00
-1.805867500613459686e+00
7.645846437835904785e-01
-6.844896690714323384e+00
6.991439200345127558e-01
1.644924101814098538e+00
-1.146668638611251900e+00
2.042447077132837352e-01
5.063049564768941080e-01
-4.249170859776156828e-01
1.004671802470332054e+00
2.995264380904023138e+00
-7.347260377402388132e-01
6.270704251607061019e-01
2.602297514596231265e-01
5.646940676192034880e-01
2.131582321420286252e+00
1.766209344965615102e+00
4.340425819753416792e-01
-7.499017908496340423e-01
-1.183806946706725677e-01
7.830715795046884198e-01
4.388306136473938412e-01
3.367309375092955026e-01
-5.229786714400198687e-05
-1.098567664925785170e+00
6.182374255759776061e-01
-1.447296452660159216e-01
-4.073658386878025728e-01
-4.066677669069195256e-01
-1.102128017367763058e-01
-6.350799091477319358e-01
-8.132944810545112979e-01
8.162947859639245740e-01
-5.759499889515891091e-01
1.066916286187279894e+01
-1.163267367019779730e+00
1.872235701668160390e-01
5.076199356914428140e-01
-2.074871472979343268e-01
-1.283088371805533257e+00
1.709688876542196256e+00
-2.142615847804409057e+00
6.427666139122251820e+00
-8.189127669158409617e+00
-8.732245417903678586e+00
-8.013909271793352440e-01
-4.299664014882968566e+00
4.119497587194925065e-02
-2.764046061738842042e+00
-8.096630248637160321e+01
5.732937760511058300e+00
5.213529485396684038e-02
-1.022893105521268886e+00
-1.075512738779350830e+00
-2.760577389921421432e-01
-5.138133061323928885e+00
-1.324178618472413582e+00
8.962630635422947911e-01
-1.563012455177594351e+00
2.680172870953199671e-01
-1.213076733296998277e+00
-6.175252766722479913e-01
-2.771235135932859084e+00
-1.625048812638405948e+00
-6.046843550744570583e-01
-1.041738050422203354e+00
-1.001858485997341175e+00
1.983500256175883270e-01
1.624668435393446242e-02
1.415712124474199030e+00
-3.215980668539780485e+00
-8.748733013880739540e-01
-5.704339012314174617e-01
-5.136270598099463847e-01
2.438330003761106646e+00
4.251417849018043427e+00
-3.901907626066150048e-01
5.490745908746145210e-01
4.027903749773112452e+01
7.621553541539181076e-01
-6.947373106883465432e-01
2.592489908091450967e-01
1.069506595757170109e+00
3.896927558286812365e-01
2.940570497080279289e+00
-4.310921207850315628e-01
-7.899365695517083230e-01
1.139861854482561859e-01
-2.810226656437005976e-01
-3.172251048704887832e+00
-2.109939744108771276e+00
-8.922879419104519094e-01
-1.229553650653945951e+00
-7.294972005765895107e-01
-9.518389846052364989e-02
1.049972248871815061e+00
2.416742630881874715e-02
7.391189051467086379e-01
8.384309130520374298e-01
-1.273123035497936151e+00
5.886523501859348695e-01
1.303396224288573935e+00
5.557491505875575832e-01
-2.160970391252768685e+00
6.330047981987368955e-01
-3.500767855991377409e-01
-1.738397780259656855e+00
-1.534881438965952638e-01
2.554440926332457451e-01
1.237902060538603966e+00
8.772775415267053400e-01
-3.430685489708603098e-01
7.310608240946999459e+00
-5.669184133233052814e-01
2.741444818722544446e-02
-9.117898408444728986e-01
2.888760466514948888e+00
-5.462783041222884606e+00
-1.502904218802149527e+00
-8.296088549678536372e-01
2.535723357862143534e-01
-7.125665673738416084e-01
5.242514296692719622e-01
-7.700937059599894496e+00
4.582570845010133231e-01
-7.511596131026143652e-01
-6.308917033481078462e-01
5.004672003760159971e-01
-9.750693533889480680e-01
6.296053857562511347e-01
-4.935224851222465570e-01
3.791409649479090760e+00
-1.096837585911987073e-01
-5.068707550613067436e-01
1.406380671660657722e+00
-1.137800707440141057e+00
-1.494431306235314505e+00
2.478538197548488531e-01
8.898825258108022940e-01
-2.525814134639411179e+00
-3.475169480731333804e-01
-2.349763727581063999e-01
-4.204610982676200703e-01
1.832826177473511342e-01
-3.687394141323030894e+00
-1.858885701739467038e+02
3.194109660079663682e-01
3.153028575429468461e+00
-4.875508735108886049e-01
-1.018579056971410518e-01
-5.640411836875722784e-01
4.681673651938514924e-01
2.700682272539974837e-01
5.276782537759907576e-01
2.019376945560571457e+00
4.211953735412222954e+00
1.823858661889815824e+00
-2.413104050251099059e-02
-5.586124784009109945e-01
-5.649032717023944050e-01
-2.615292874987040772e-01
-1.629183471655329285e+00
-7.615994776268414368e-01
-1.859574464566796870e+00
2.497114898691731311e-01
2.108409992153224888e+00
4.176128890560023565e-01
4.216142572119027099e-01
4.286041123885881987e-01
-1.797648205403902910e+00
-3.920160261355438713e-01
-1.361669499390626870e+00
5.311502625189028493e-01
-4.575092272970293639e-02
4.639105468542124022e-01
-5.986790315048883260e-01
1.552045516814768433e+00
1.314378678862840433e+00
-5.983386743247742778e-01
2.045790996088664437e-01
1.238590504050598895e+00
-6.739508094859207876e-01
-6.016487066181728238e-01
-8.849919965751480433e-01
-9.987897128247251732e-01
-3.228162147029297602e-01
-1.767269952737052230e-01
-1.426667905847823326e+00
5.049997862095350065e-01
1.380604302883405299e-01
-2.728601112141196161e+00
7.106898401825152423e-01
-3.430705627600887819e+00
1.053097496258368349e+00
-5.984393269063863485e-01
-9.218075403979847371e-01
-6.688483359922463289e-02
-8.082724453949809984e-01
-7.162517885540506946e-01
-4.788901943316531407e-01
7.657929486930810381e-02
5.862779030691789295e-01
1.521582689621304940e+00
2.268091946128281688e-01
-1.975201649148805139e+00
1.990408981864094873e+00
-1.678166254617333708e-01
1.836646880755407274e+00
5.200430471344485994e-01
1.528790163191878770e-01
3.087619849561502594e-01
-7.057126358141510014e-01
1.105994575671176650e+00
-2.569866630645278871e-01
-3.427494519768714554e-01
3.012259064058233626e-01
5.749382168927460235e+00
-9.304553339307458648e-01
