3.527420485655072824e-01
-2.450581251511035674e+00
9.042290566531488993e-01
4.160815391519462891e-01
-3.463726318215520905e-01
-2.534924690212718157e-01
-7.831854442196741761e-01
-8.553285407032233945e-01
9.739257855921519269e-01
-1.025631529136780351e+00
-6.387715064653023411e-01
3.111139533428974868e-01
9.138344709933761412e-02
5.800710794650816293e-01
1.966261787925900062e-01
-6.449269143896811940e-01
5.063163524940286209e-01
5.819786142971286047e-01
-1.140682325492113458e+00
-1.602298886142094716e+02
6.075768259008237360e-01
-5.567940620413254216e-01
-7.420953187932445294e-01
5.339259080723242068e-01
4.734751732275512826e-01
1.286744120275868042e+00
-4.414452136431374907e-01
-4.632004152899932281e-01
-5.814604585342144638e-01
3.617821386078864943e-02
-6.426235586175657044e-01
1.181737936227293152e-02
7.040315895709037264e-01
-9.552500230369527223e-01
-5.693705582678876276e-02
7.844386992972539607e-01
-9.520155457805736798e-01
-9.660705959875305338e-01
-8.483009868427636713e-01
-6.952927585694822499e-01
4.208017808470152499e-01
6.784142877866664589e-01
-9.726701776910839925e-02
-2.210252702873007624e-01
6.424045651537038104e-01
-3.984589444485387988e-01
1.834692953776240476e-01
-1.527103632580519177e+00
7.696678890586010624e-01
6.314370411681275996e-01
-3.507385155797880238e-01
3.044268256342980150e-01
3.837942578545404659e-01
-2.051030182199171659e+00
1.997479753094070221e-01
1.823977853272593930e-01
-2.939032628605155462e-01
-8.428607384635848632e-02
-9.115381090527834296e-01
-6.892952440527415625e-01
9.948861328754803335e-01
4.095865503334465973e-01
8.385006576174270920e-01
-2.160125266980277015e-01
4.964871077309272740e-02
4.062304775730805062e-01
8.329937125427206990e-01
-1.457678475483648040e+00
-2.642928357551249663e-01
4.978937666867069289e-01
2.352164096199156340e-01
-6.508709648252943014e-02
6.198437558170746819e-02
-3.765043728205754170e-01
4.385771267690032893e-01
-7.810189179608456600e-01
4.131722996929760860e-01
6.845402818616443952e-01
-1.247435452441623960e-01
-7.884384970511297830e-01
-6.289142539660337317e-01
-4.579872138329216802e-01
-3.140399072951208931e-02
-2.309575799097976501e-01
6.689904445007831546e-01
-5.041270138302907933e-01
8.845139205320967646e-01
-8.529013038037482897e-01
-7.257264583257282409e-01
-3.749060906861027553e-01
8.096733244468825585e-01
6.343245513720991990e-01
4.740712118083699744e-01
1.548478945715901389e+00
3.845049358214365498e-02
-4.838346612685878734e-01
-1.435793613723096718e-01
-2.589694799315145901e-01
7.914799070902600597e-01
-9.491334151394741347e-01
-2.631213219045084317e-01
-1.684055935925611180e+01
7.497728036381916539e-01
3.175143369646297731e-01
-5.385880068373178897e-01
-8.014303740790204023e-01
-3.801206802975272761e-03
4.812627093560750136e-01
9.511737576419612594e+00
1.686212126246591447e+00
-9.728636288918653952e-01
1.814482574253638847e-01
8.029283209608912841e-01
-1.586221868216949882e-01
-8.720931474373068149e-01
-4.850743993275595245e-01
5.159220920916511854e-01
9.379816596052339417e-01
-6.248735217325789293e-01
8.971417601530713715e-02
2.631596131472894173e-01
9.224923996536493753e-01
8.528768803351127747e-01
-3.722765721874644052e-01
1.359928975972435894e-01
7.512013807912325536e-01
3.094824529501454813e-01
-1.201332434742327537e+00
-2.645191119520416342e-02
-3.810970524284127414e-01
-6.706306051547525904e-01
1.378130295031740858e-02
-5.739784381732416785e-01
3.113517674101583532e-01
-5.270288096821479362e-01
3.470019012127533720e-01
7.312878740239816544e-01
8.067767618315975220e-01
-1.546345656593589302e-01
-1.694977332509756351e+00
-4.751170209593749694e-01
9.077131994169644613e-02
-3.996332723007556820e-01
2.388277786130840186e-01
7.080837757046315462e-01
-4.156426789666450849e-01
-5.049631718040491490e-01
-5.984176541340091582e-01
-2.166393242870417457e-01
-5.534184165641764519e-01
-6.543109124522465958e-01
-9.098296803898456853e-01
-3.058179473261496417e-01
6.832653440498108743e-01
-1.425208619363268758e-01
-3.440092085550910950e-01
1.319127992968585905e-01
3.828671226701553520e-02
-3.619319001546267289e-01
-1.200866600802122375e-01
-6.004040296759522999e-01
9.338943750958930146e-01
7.665406191738847186e-01
3.368958371692954423e-01
-8.748774088162896145e-01
5.375670706358204320e-01
2.560992382764548658e+00
6.589472293676457149e-01
-7.210155010924329311e+00
3.471307305390105569e-01
-9.495732829214611481e-01
-6.912082628374740523e-01
-1.694032577495719449e+00
-3.957240577338400067e-01
-2.845538203433305435e-01
3.891243595563854019e+00
-3.366958581736912981e-01
-9.100197866918868783e-01
3.162881901582756949e-01
-1.905651277988998082e-01
-1.418781912300638437e+00
1.195359968024544695e-01
-2.888505633043147447e-01
4.689371586569268113e-01
-7.836079663329649225e-01
-2.585061497849359125e-01
-9.102233609798291436e-01
-4.818743668905037247e-02
1.220585101639849457e-01
-4.065144654841844618e-01
4.640350064458635404e-01
-1.333018742598859108e+00
-6.410607696172110348e-01
5.822623846980162776e-01
-6.990368160325439728e-01
-5.994522392443333292e-01
8.920217892144767236e-01
1.174443941802027824e+00
7.353916593387925804e-01
-9.169285187296210005e-01
-9.667996759695608733e-02
-6.118422320458806185e-01
9.358419943556367526e-01
2.749009724665943399e-01
-1.744342510964786430e-01
-1.743681300202403611e-02
-1.023104027530761684e+00
-3.474710366605473499e-01
1.442301992420865209e-01
8.050067077582037101e-01
-5.946216346672192898e-01
-2.233015934144973180e-01
-8.714472821497426525e-02
-5.359752326331024275e-01
-3.517207647773745172e-01
-3.789609049690427778e-01
-7.947883278401257981e-03
-4.624272235794580355e-01
9.118763848729045662e+00
-1.075219300759887725e-01
1.809690181919819396e-01
-4.962872975890098570e-01
-4.202867775503419390e-01
-1.954673835926542580e+01
8.778677732683365376e-01
-4.765196594896599636e-01
-6.065212840760463298e-01
3.369947326947888566e-01
9.110294745435630615e-02
-1.359718707863939891e+00
-4.653019815829683159e-01
-1.250805206475218839e-02
4.021511967273228016e-01
3.179753660441349550e-01
-8.306944493607247570e-02
-1.925937240079438895e-01
-2.631671460593895340e+00
-4.617008128565783798e-01
-1.530833618558321285e-01
6.728235155557410474e-01
2.804189208939596445e-01
5.499792672717269681e-01
5.347977585526789701e-01
9.736102009075549013e-01
-1.679024082341538937e-01
7.281665009908909747e-01
6.710866196181933807e-01
-2.868433742598182623e-01
-2.576220599628748498e-01
-2.595880696534180188e-01
-5.510483546231446095e-01
8.900254869970518623e-01
-1.024261699724961616e+00
7.215635212909385920e-01
2.181818891304457622e-02
8.227396882412107981e-02
-4.095755308047455828e-02
5.372061083919890123e-01
-8.527916698875372958e-01
3.900817708739680034e-01
8.404789334953821633e-01
-9.882577082686875292e-01
1.614949772893416180e-01
1.959870372832412944e-01
-1.219786955024640823e-01
