-4.039166035659669696e+00
-3.980260425066518337e+00
-7.484564237267603559e-01
-1.181351126714029309e+00
-2.025338098327143399e+00
-8.631394700827210720e-01
2.798692347909921274e-01
7.490680307097180579e-01
8.812975741837769661e-01
2.450170582775357264e+00
-6.572468011202321492e+00
-2.419452619662054715e-01
1.280669988253082536e+00
-1.365910242380796058e+00
-1.887472247326188679e+00
1.422179886253360115e+00
-3.971722469167345615e+00
3.444182893477262475e+00
-1.701136056110387873e+00
3.827297679989086765e-01
1.002928853346302107e+00
2.669185943615218548e+00
-7.569699742765147121e+00
-1.584687921160849333e+00
1.839991498219445631e+00
-2.856403328384552687e+00
3.427073192913766830e-02
-8.574723367950277675e-01
1.833397642460615484e-01
-2.881137576140599066e+00
3.653242998934441044e+00
4.902354534473362335e+00
9.768792154378378445e-01
2.168289676615925643e+00
-2.693189634380761532e+00
1.332602592944641673e+00
5.726611948273272468e-01
-7.339893925641938210e-01
1.328669296567399183e+00
3.357894668219248313e+00
1.243595450747640996e-01
-4.528466094031891487e+00
3.804856000578661135e+00
-7.084576764106831348e-02
4.342960822596200643e+00
3.526491793932315488e+00
4.258315414259624676e-01
-5.128832111994782172e-01
-1.031983173483701499e+01
3.680242092945379406e-01
-1.366211217461430483e+00
5.692039182431671840e-01
-6.800657086661603123e-02
-1.703475119671455484e+00
-1.825151595708866648e+00
-3.757157322405540317e-02
-2.241180771980985753e+00
-5.813017508511619802e-01
9.017600593188661584e-01
-1.890228862319598413e+00
-1.944896981874945308e+00
3.030460878080374343e+00
3.348620330406950618e-01
2.312033073161188668e+00
-1.675191577621313765e+00
1.609760386896937234e+00
-1.489284923622274714e+00
3.432210311500291766e+00
2.123992137590852813e+00
3.938827489345486654e-01
-3.945762691519225651e-01
-1.444953536344104061e-01
1.798893377462702725e+00
1.816132781818122410e+01
1.603579481306845800e+00
-2.454327544380981863e+01
-2.348188533001671074e-01
3.336319607927880959e+00
1.274215541216407122e+00
-5.792973192251809067e-01
-3.411073811373446230e+00
-3.691816179635793560e+00
3.733726279325482178e-01
-4.968395568310222998e+00
-3.664590088482747032e-01
-6.085810742184618150e+00
3.767303267862125438e-01
-8.290179684330549748e+00
6.005107946719612927e-02
-7.233079719506645411e-01
8.580732822227324919e-01
-1.845622426552501416e+00
1.379677992772108119e+00
8.708363977702697767e-01
6.004359545920892494e+00
4.399719337881117798e-01
-5.498428300139667435e+00
-9.919168702754075362e-01
3.393556932467685527e+00
-1.003695251529528987e+00
1.934990301774426547e+00
5.710733078812296526e+01
-1.017441989053720963e+00
1.388330978520495862e-01
-1.146272346422768873e+00
-3.037916773199753617e-01
5.144693207781942057e+00
1.940649353425300816e-01
-2.161397575599014687e+00
-2.691235506960985902e+00
4.442114607298723872e-01
1.944444783350739225e+00
1.253332910637015241e+00
2.350843303574973842e+00
1.298271363250283139e+00
-4.320709701723341567e+00
1.081663114183021523e+00
-1.674922434819122063e+00
-1.869484258725386372e+00
1.789687390460541705e+00
3.244794008550765341e+01
9.178744431993876018e-01
-2.295380542922142553e+00
3.282629760331006619e+00
5.377904212394551964e-01
2.032408903421837554e+00
-1.277519295429126789e+00
3.704776221417607651e+00
-3.174465558079884175e+00
-3.919869770436336776e+00
-2.724339490711850331e+00
8.416272854481789523e+00
-7.935302404319760639e-01
2.154547777379092199e-01
1.448728285702708618e+00
-3.370489080576515306e+00
5.928014645775476765e-01
-8.328884667469683478e+00
4.373440680848132978e-01
1.030422423589786529e+00
7.023754330589672135e-01
-4.177397088749642551e-01
7.394175813684604748e+00
1.619763431357156946e+00
-5.814956954140576562e-01
-2.164382713260080138e+00
-3.536815106128352681e+01
-3.341210287500034681e+00
-8.583524089552841962e-01
-4.823877052799019793e+00
3.304620624557950137e-01
-4.267681799321992209e+00
-3.324662304187802064e+00
-9.278128930676063923e-01
-2.243193587140552836e-01
-8.500337933600349061e+00
1.580509426154873154e+01
-2.112820514032339059e+00
5.454784870646730788e+00
-5.219674332891976326e-02
6.486443688021136245e-01
7.994112770865883233e-01
7.587731670311232968e-01
2.447820609437286521e+00
-1.186255112618514351e+00
-5.304526613010421832e-01
-2.174167725853138222e+00
1.344105631874402684e+00
-1.574749857764905947e+00
-1.283172037663830922e+00
-2.873162579367206093e-01
-5.582941845280600113e-01
1.439098345290423353e+00
-1.877372762711580378e+01
-2.366889873835273050e+00
1.359082644177792343e+00
-2.644977172623464573e-02
8.885572625675611791e-01
2.987178923345605863e+00
-9.322253880235246370e+00
-2.106554174649447386e+00
-5.644221629579586619e-01
1.462942755803976036e+00
-1.585530520157716117e+00
-2.982914286297412509e+00
-2.612337369428129108e+00
2.668458125918732327e-01
5.448744711902161697e+00
4.606602128591893219e+00
-2.737149848444424105e+00
4.928277725725553893e+00
-1.179163294271668860e+01
9.407655337570155485e-01
-8.623303177436314471e+00
-5.163371303009181013e-01
-5.343130158892397397e-01
7.769942967823340041e+00
4.677785244067454329e+00
2.016642870208615435e+00
-2.705360949682855676e+00
1.524940432263929058e+00
-1.954770604547446666e+00
2.139326132798029967e+00
-3.744036418632425978e+00
2.310988181674244046e+01
1.695492547518124837e-01
5.827717491279849060e-01
-2.287763105248260320e+00
2.163473073923090073e+00
-1.143523301967604322e+00
-1.871595723374929410e+00
6.341083150277437852e-01
3.671881641524893936e-01
9.660765807088071977e-01
-3.169377091621605746e+00
-1.625202626928486105e-02
-6.617388073283278160e+00
3.295963033747557613e-01
2.643853148363981553e-01
1.104080075809434625e-01
2.192135305842397131e+00
-3.766489543685000996e-01
4.150142941709908384e-01
-2.982446615365385023e-01
5.138284009610852854e-01
-6.661702356683260007e+01
-3.180872290996410001e+00
3.527128848620823476e+01
2.973364809900598260e+00
1.763705763247054747e+00
-2.306239797644084710e+00
-3.392204584174640658e-01
2.303099919284529840e+00
-1.100865520142651599e+00
-1.241237387115459168e+00
-1.174668603868420202e+00
3.804695303493363934e-01
2.103014204252155572e+00
1.966200801948955856e+00
-1.245538023880472522e+00
-1.917702397686501214e+01
1.615373274797987424e+00
7.619122744604977626e+00
-3.474349286913175905e-01
-1.219337818513809291e+00
-1.404627045713841449e+00
1.263747118783041801e+00
2.584744278820403363e+00
-2.507303797526642786e+00
-8.210895846002552734e-01
-8.108767944661126048e-01
-1.303889567191199195e+00
-1.044813815158089909e+00
2.092425237592198339e+00
-2.627027177416657366e+00
-9.112386432643451162e-01
2.186277907074266391e+00
5.226978493445486595e-01
-4.614612583879381447e+00
3.128892190477616797e+00
2.955464254926470691e+00
1.281826584091178445e+00
-1.024760417065543772e+00
-6.942567356379023558e-01
3.204059642451636547e-01
