1.012191408532848946e+00
-7.344853647504622218e-01
3.153805547368363271e+00
-1.147329456002245118e-01
-1.303825343258184999e+00
-5.319649434977613556e-01
1.740758900657398023e+00
1.592214684360959698e+00
3.121427522865364956e+00
4.363369094239987200e-01
3.619659253281888311e+00
-1.007964790602598582e+00
1.660841209513667316e+00
1.063893694917074528e+00
-3.295286394753513370e+00
1.599241485005514107e+00
5.544130669062683481e+00
-1.326933823468645413e+00
2.924587074813777221e+00
5.630312155958110409e+00
-5.819123317279280450e+00
1.030998873667370308e+00
-1.001594052444319954e-01
3.428765427018299228e+00
-6.079011773753792425e-02
-9.271174116342556504e-01
6.996001718958562154e-01
-3.544228354627225297e+00
8.128662695410049377e-01
-1.273852440176933998e+00
1.772128304491943140e+01
-3.942751042302081288e+00
2.439836938228412855e+00
4.207949314422050335e-01
2.167893317739141423e+01
-4.308505956795714908e+00
-1.036205468284662601e+01
-7.366427720103949639e-01
2.790847813304424818e+01
9.305186329011533308e-01
9.578938088484648672e-01
-3.232073651721630192e+00
2.494675605037380173e+00
-8.163996890522536853e-01
5.329622896059871273e-03
2.341999075932220897e+00
1.743022208194731970e+00
1.172853699456355869e+01
-1.520252223319251694e+00
1.302880815504788181e+00
-1.505935242867984414e+00
4.808574598145529677e+00
-1.454459095643063048e-02
-6.258683369886426373e-01
-9.215849599612374599e-01
6.550294891685604082e-01
-3.516959786416044322e-03
2.338059642358377044e+00
9.325572941364740132e+00
1.140711274908300599e+00
1.062470905078257033e+00
-2.621594168181797802e-01
1.285342950692776487e+00
3.740281638284195687e+00
-1.951530906186569991e+00
-9.268764325630317602e-01
-7.615449012042165844e-01
-1.711312832527113192e+00
-1.692078105514185360e+00
-6.823445865402671950e-01
-9.787103926981698121e-02
-2.476195571424256725e-01
-5.975762510865896715e+00
-3.407583686434768194e-02
-1.074109551919017802e+00
4.141919402651312310e-01
5.270950136419521925e+00
6.442994197348410612e-01
-4.303689796940106227e+00
-1.138219804883101177e-01
-1.489329814899883031e+00
-1.731737530230028188e+00
-2.312248442504086121e+00
-2.836331633364562732e-01
3.525166828635587279e+00
-2.001476889684276284e+00
5.452296492340144018e-01
9.257590973987657179e-01
-1.422934905417667650e+00
4.254982632920499830e-01
1.190169009692209201e+01
-6.358758521913933370e-02
2.014242581265334398e+00
3.696090687914145523e+00
1.012927554789565310e+00
1.215369373857917212e+00
1.006503983501982589e+02
1.015442450683449627e+00
1.905049870346929186e+00
1.377567930146201824e+01
-4.467562589959728214e-03
4.055031524191091141e-01
2.837639056772267576e-01
7.660732797603663435e+00
9.605490877333293653e-01
-4.696688879977792830e-01
-3.163864333539125884e+00
4.958096874051642899e+00
1.805446969704441185e-01
-1.028229804478026033e+00
-3.075727499505853668e-02
4.662575251383187513e-01
-5.937832389246144871e-01
2.357227375724980645e-01
-8.542662406504847317e-02
3.252173882730913235e-01
7.540809192600663735e+00
2.056020771081613074e-01
-1.145612260045890896e+00
7.772620777503292944e-01
-1.006773165564903483e+00
4.119318511905752933e-01
-1.019743443909117087e+00
-5.629692970422111031e-01
6.579218342072404302e-02
-1.498708547852973361e+00
4.074777775779937494e-01
-2.053670090638640033e+00
1.206674151432381770e+00
-2.804111056912503841e-01
-2.438524461584546943e-01
-5.026595930903392934e-02
-2.810091043540429823e+00
-1.257873702894136692e+00
9.918110180258377095e-01
-2.974582157373655833e-01
4.602538973783491527e-01
3.979629258242797452e+00
-1.562536524084527922e+00
1.369687045074815313e+00
-1.326161300534760112e+00
-2.200858965666037559e+00
-8.207794822073699592e-02
-1.303073686088583316e-01
-4.627397344597728335e+00
-8.922505323106858510e-01
9.146412702539241657e-01
1.556600348480162710e+00
8.838484431837306809e-01
3.290784321226882803e-01
-2.221911899880070429e+00
4.491970472806154357e-01
-7.211708923931579029e-01
2.895056174520881931e-01
-3.673498462172419821e+00
-2.987972512394439306e+01
-2.784443459050033320e-01
1.475175361089497983e-01
-1.301888728754178493e+00
-1.547983016148914315e+00
-2.183028524334056364e+00
5.925839792617864088e-01
7.469346133130910781e-02
-1.490664061242000571e+00
1.552171212882230034e+00
3.015826108749266155e+00
3.042975004316765819e-01
8.962530853190697755e-01
2.299899119157247540e+00
9.638751211622416104e-01
1.626804488080651367e+00
-2.393340064548313828e-01
2.406971318566140106e+00
-2.386652182634890540e+00
-3.424670260847489378e-01
1.707058934387745142e-01
1.884284114318020675e+00
1.043033291372110760e+00
1.092492748698988825e+00
1.397957214270937332e+00
2.427555827442184899e+00
-3.661785599118810852e-01
-1.655272708451430264e+00
9.956475765477587059e-01
4.609957949729494020e-01
2.806173330260319232e-01
-1.273953357395216868e+00
2.885228367240204039e-01
-2.149576771923840113e+01
3.169228507749605184e-01
-1.414665533087998250e+00
-2.187378983812944711e+00
2.151002187464652771e+00
-1.626902870360781961e+00
-1.801430476098198952e+00
-3.531647889837064902e+00
-7.114808810199180211e-01
2.439732830425054289e+00
-3.233805416786300668e+01
-5.609624823500586333e-01
-1.100727972685242362e+00
3.066215702805437537e+00
-2.259542547201441209e+00
-2.391029333860876793e-01
6.770635533046477583e+00
-1.011580339738618273e+00
-9.473693467670998292e-01
-3.371467161283172587e-01
-7.351984031181984847e+00
-3.033529623734867453e-01
-1.165089625534700879e+01
3.217390344227391563e-01
-1.028964133735534442e-01
1.435530270480557391e+01
-2.181160320009417930e+01
-4.632628599698460192e+00
-1.767452497271549960e-01
6.451563685599561726e-01
1.400603427912062271e+00
-3.095293143701898231e-01
-1.878797363520634089e+00
-4.913302380714708040e-01
-8.252245219982279778e+00
5.973920294320981261e-01
-5.148762258209935716e-01
2.257333516588692301e+00
4.584825053737399680e-01
-2.809203712103203188e-01
8.947475511445379670e-01
1.764338600562415982e+00
-1.497295461174466880e+00
-6.831129074523332179e+00
1.262557514754002463e-01
1.242478786242293243e+00
-6.086406647048129420e-02
-9.558413027504633064e-01
2.629960546195304616e+00
3.095052398887589984e-01
1.194814262144192174e+00
9.837378202308344477e-01
-1.020874282927591192e+00
9.574132023578423301e-01
2.125082052550141487e+00
-1.590411482502718243e-01
2.379201044523432118e-01
-4.070585295083157362e+00
-1.654572195146170266e+00
2.293273058261995789e+00
-2.413814534848295890e-01
1.197957884499458947e+00
-8.497117364750447210e-01
5.793517936589283046e-01
-2.847632568879626680e-01
-6.807576324238235443e+00
-6.279046759515973797e+00
4.887137653270633986e-01
3.913312683640389977e+00
2.429309456431951730e-01
1.736014994101409137e+00
-2.815842165591458723e+00
-2.056919912671980377e+00
-1.387212258607960769e-01
-6.340282209382893663e-01
-2.362800455518239140e+00
2.661500008170378351e+01
