7.173971504845761960e-01
-9.305472509388228453e-01
1.818611051513487231e+00
-7.472636962912246883e-01
3.286979431950278752e+00
3.790674641759943064e+00
-1.215495972691870374e+00
2.307951911191470362e+00
-1.804234667350968735e+01
1.737264693612566024e-01
-1.880393120450064126e+00
-1.194820251709046710e-01
2.155063988085073878e-01
3.695198216348990261e+00
-4.079123185071772184e+00
-4.091483359335175152e+00
-9.666746429712607114e-01
-3.898396740284159612e-01
-7.821345178892054051e-01
-5.011593125953524464e+00
3.442578664849041292e+00
-7.010433463446433144e+00
1.113143907198272586e+01
-1.123585147537908924e+01
2.525831569614500172e+00
-1.711070974181584159e+00
4.327168153595672417e-01
2.653261414847559729e-01
4.336219291298681000e+00
-1.792636747863074476e+00
6.939908253075299793e-02
5.960691396132075326e+00
5.015400649664666366e-01
9.947038512677233157e-01
2.247963822416271018e+00
3.412045965010777060e+00
-2.190163408153393831e+00
-1.251248019107573883e+00
-4.069869641018554418e+00
2.073317402437168866e+01
-1.908059651977531135e-01
-2.100695329717865434e+00
5.802132879428303358e-01
-1.274887266212783032e-01
-1.288824579069418885e-01
-1.695790182588227557e+00
1.784876696032082988e+00
9.676832657055940423e-01
1.795746484299807211e-01
-1.154469666522631055e+00
-2.496382218588699686e-01
-9.259496351415241744e-01
4.075179583457543053e+00
-7.767370001952165204e-01
-3.688324537033959238e+00
-1.659222303897115669e+00
-3.892320692515278679e-01
-2.215998111088349098e+00
4.035772280573320936e-01
-2.594190494154602789e+00
5.541665633391912316e-01
-1.410294539591283591e+00
1.361354309431291876e-01
3.681168707530890316e+00
1.746063780077405703e+00
7.529174093034741944e+00
-1.363694835380985904e+00
-1.732368546104483098e+00
-1.441715528533656254e+00
-2.160370054179833854e+00
6.788265773955676208e-01
1.557885942654638756e+00
1.356154243613335364e+00
1.622653270095035571e+00
2.160260329914958533e+00
-2.005574302190063496e-01
-1.856442620235757568e+00
1.601849250176368145e+00
1.317396520332882126e+00
-2.109917357970182792e-03
2.460287662546723375e+00
1.839407813381872714e+01
-8.028250519084019210e-01
-5.177229474677857990e-02
5.200501794746405615e+00
-4.482572294664510792e-01
-1.290416979424439337e+00
4.578904498379701593e+00
-1.865860374220852602e+00
2.498284389466275179e+00
-1.675904652941395123e-01
-7.369259377255147347e-01
-3.092745081572620514e+00
-2.753924070876325292e+00
-4.158658717591536380e+00
3.095769671156463065e-01
3.807899164508178891e-01
-2.702356088822278068e-01
6.187634543605164961e-01
1.737306359333623096e+00
8.156923336775645517e-02
-5.863552685942321485e-01
-1.630311431792651033e+00
-8.646454614331278155e-01
-9.998368700808308862e-01
7.438095851655465718e-02
7.831600909833518198e-01
3.544341359533460079e+00
-1.429358305353177538e+00
-4.035242936785453871e+00
3.410422064137706322e+00
3.441502568870073553e+00
-2.615063588409984874e+00
-2.901269205470371926e+00
-2.396538353486622697e+00
1.621325809480967717e+00
-5.793954743787987915e+00
-1.889260610565853149e+00
8.974380892454822956e-01
1.275763948793023683e+00
-7.534261065203881058e-01
2.274338505126341392e+00
-9.599468025620814249e-01
1.145462826673682155e+00
-1.237622645606521354e+00
-2.344612124774182149e+01
-5.076858404033987027e-01
-8.202566772853508326e+00
1.322371295778283606e+00
9.214560686874548878e-01
6.958535291420622215e-01
1.448214867619939117e+00
6.805143627172098864e-01
1.927140202028366556e+00
5.657987544922534751e-01
-1.135276632510216155e+00
1.177314294358578761e-01
2.349863228861033715e+00
1.049955687877963584e+01
-9.650704090942638924e-01
3.967889389131457056e-01
1.460732536461345044e+00
-6.969160175975522842e-01
1.843766324773632725e-01
1.469674246445626942e-01
-1.371495762576778077e+00
-1.588466192164027735e+00
2.152272376523034492e-01
-8.685334191993806741e+00
6.517210225997094319e-01
-1.014146781486918725e-01
8.454476688686456853e+00
5.922259670320647373e+00
-8.031957015008948986e+00
3.754838258123085470e+00
-6.222053385056540264e+00
3.815304867564171531e-01
-3.160157696286026940e+00
2.076359419953835772e+00
-6.800621923388323609e-01
-1.767367202249620517e+00
5.424026008783188191e-01
-4.982911012826594654e-01
-1.293556146486036784e+00
-1.618940929034522469e+00
2.102909561652166026e+00
-1.940035882584177918e+00
1.523279290750103243e+01
7.219606596102059459e-01
-5.342647390585292255e-01
-2.454219560081312146e+00
4.904553788956650950e-01
-1.108717095765252125e+00
-9.078296835134707088e-01
1.747167025658374007e+00
-4.583964191493545393e+00
-3.451982397595085850e+00
-1.891026696796095585e+00
-8.379506307772755846e+00
-7.690824553667749086e+00
-2.466569947138514962e+00
-4.691073243461765685e+00
-9.644914374552436831e-01
6.473187327981722028e-01
4.561652761844177117e-01
-3.110104421905372618e+00
-3.112830202142907732e-02
-1.828347790835892539e+01
-9.161267826965411309e-01
4.586626822294718187e-01
1.268105083089433816e+00
7.904438046601887091e-01
-6.323304681210064615e-01
-4.375748571520635011e+00
2.027426398002884156e+00
-8.533305413118167371e-01
-2.390994890709047027e+00
1.159584031865249276e+00
2.738740687127615647e+00
1.585789724745883422e+00
-5.089841109723653112e+00
-3.940324272661592797e+00
-2.387261996540376074e+00
-1.038046811522172153e+00
-5.416514651915103062e-01
1.582039380936825612e+00
-1.820527724782156742e+00
2.187495654241078391e-01
-1.117736959226716564e+00
-1.044834836074576723e+00
-3.961903588229830575e+00
5.939548223930628951e-02
-4.779713929766747360e-01
1.602116479974104113e+00
-4.843545675481470414e-01
1.098213207857171803e+00
1.043234746862638396e+00
-1.517887305056508651e-01
8.879014491972420098e-01
-1.345670373143252885e+00
-9.926356579756066001e-01
1.416079135247902077e+00
1.904907074928023469e+00
2.851419951234434258e+00
-3.842371544857782761e-01
-3.197211445415030440e+00
-1.288134268072121724e+00
2.290101378382067843e+00
3.256873207075856591e+00
2.147005568891633853e+00
2.209330182959015509e+00
1.356418779691984655e+00
4.175921317019056223e-01
1.860540921899046296e+00
6.141089091356561891e-01
5.721869587794150558e-01
-3.208788074460243500e+00
-6.491020953588555464e-02
-3.146994902085063384e+00
-1.698780978800105146e+00
-9.079458959025869191e+00
-3.752574264512895663e+00
1.212397462014886962e+00
-2.851408751550209564e-01
2.065665416123219522e+00
1.968526508036096967e-01
3.130347962768077252e+00
8.783253459516753736e+00
-7.671885317474247401e-02
4.920449574936754722e+00
1.071871736203084291e+00
-9.770237184986833023e-01
1.331160863031047192e+00
1.119002876323988982e+00
8.337776509466559016e-01
5.775243442742262756e-01
1.790374247752974712e+00
2.451193582842027041e+00
-1.816655454933264968e+00
8.507338911481076238e+00
4.806503367722791964e-02
2.279577858620817299e+00
-1.279776469233331104e+00
-1.413926353409058478e-01
1.360644748298064588e+00
