-1.303182787003107634e-01
2.006538438895741350e-01
-1.062668613528744699e-01
-1.185221785541041939e+01
1.739249857688676792e+00
-2.555653484394522224e-01
-3.074754426782561723e+00
9.440825580701506237e-01
3.832672083844433253e+00
-2.209515223152540564e+00
1.902928594814986551e+00
3.346279836915403649e+00
1.318623793012623224e+00
2.390923132708494325e+00
-2.575240184494185236e+00
1.063155405610553217e+00
-2.099293229046244491e+00
-2.945856919324912226e+00
-3.001859277319623320e+00
1.554266230209188304e+00
6.387801990717204559e-01
-1.436741729665892198e+00
2.110603152133699645e+00
-1.736836176960924849e+00
1.116111741463446716e+00
-2.004213098873149690e+00
-1.613079982207843155e-01
-2.672870768489122861e-01
-2.135890720027942002e+00
5.845553954997437796e-01
6.076858033660155201e-01
1.558553222879484723e+00
-2.521694922867465660e-01
-5.631081067491031433e+00
2.749075071869377940e-01
-1.625913596785035997e+00
1.220339963614037515e+00
-2.017744060668141159e+00
1.056397346113501445e+00
2.596703040288163677e+00
-6.009565288731478772e-01
1.585891694767105342e+00
9.107615491486917847e-01
3.232198159214568989e+00
-3.045359399166616132e+00
1.711614600763680993e+00
-9.429037959106341127e-01
5.586316462749463252e-01
-1.119940604110295723e+00
-4.242903704413201194e-01
1.382347455590847929e+00
1.117289693046744858e+00
-2.196170778347922070e+00
-1.441530998104094907e+00
6.173858627721070524e-01
-1.073363541107266173e+00
1.721445665955623205e+00
9.109716634571831673e-01
3.054546472783669753e+00
5.564989194530234329e-01
1.428212648516459904e+00
-5.548122319321318052e+00
1.145105995978092484e+00
1.370837686643860964e+00
6.673539350578765461e-01
2.328042648235505219e+00
2.056889686878715651e+00
1.599411430008029544e+00
5.664181117067901283e+00
2.297304317907049587e+00
1.987117340848046698e+00
1.186540507361496211e+01
2.835045370314185575e+00
6.829854516322229063e-01
5.024807573685639017e-01
-1.170956908371957317e+00
7.542138261671098576e-01
-2.513727516105871196e+00
-3.824878248328937302e-01
-4.815366155608005183e-01
-3.319008544453773135e-01
2.341950597547223900e+00
1.316023438721256600e-01
7.013807005514141046e-01
4.270415661308883948e-01
4.568797179826242227e-01
-3.343230072572931366e-01
1.927800844884113740e+00
3.886780231992164047e-01
-5.359751772132116399e-01
4.461188399240040292e-01
2.724683083668460348e+00
-7.564937894221784864e-02
-1.556263160866024897e+00
-4.256190113143198950e-02
-2.863215815711995571e+00
2.342359393473182116e+00
3.150070658035679649e-01
-5.440489354990770687e-01
3.200504512603827845e+00
-1.824179135704709687e+00
3.726699297237157982e+00
-2.602839268373796422e+00
-1.863705314165531757e+00
4.972922565717447507e-01
-1.877188180059444989e+00
1.175785520844872867e+00
-1.807739119356501334e+00
-2.469920410790760190e+00
1.129686788363168715e+00
-1.290759722554047695e+00
1.271103982021393186e-01
-4.918349304234595820e+00
-4.495731944436089478e+00
6.170524367050933545e-01
1.500645400205988356e+00
-1.375800306352618074e+00
8.040908787838895178e-01
1.146447902425431931e+00
-2.087428553111647378e-01
1.644646155048397951e+00
-2.997801895376639783e-02
6.915937545796824182e-01
3.305752844323442963e-01
5.315834844599159226e+00
-6.443157814036931663e-02
9.887213971158201886e-01
2.959989912236224430e-01
-1.803777264212655940e-01
-8.801825073684041989e-01
1.830684387760040721e+00
-3.624741938631219629e-01
1.893503041041680213e+00
5.408518464127769221e+01
3.209496765075445346e+00
1.888702607867419614e-01
1.382987373866853664e+00
9.758775461039848054e-01
4.068800809602466373e-01
-2.664975703304572896e+00
-9.397647744238470935e-01
2.861478857457673719e+00
6.598253583983373360e-01
9.590104747758569914e+00
-7.926754006147607168e-01
-2.116613230035203408e+00
-3.426039888421849033e-01
3.628848370802905121e-01
3.379444276555826576e+00
1.127540744472020906e+00
-1.219488464926950844e+00
1.316766723521219262e+00
-6.130956823858372928e+00
-3.096166577542377674e+00
-3.141138982005595270e+00
-7.646111625211273743e-01
4.413480766118101917e-01
1.302617646329965906e+00
2.082945429644829982e+00
1.814907694255226023e+00
-1.516368367187303612e+00
-1.656639097162095675e+00
-1.638104904486356594e-01
-2.983472842118670254e+00
-1.858414976296348664e+00
-7.253623661144460444e-01
8.380328720220389105e-01
8.963874877168956923e-01
-2.926877867555696122e-01
-1.754359229692007138e-01
2.400441985178503934e+00
2.883030872363989694e+00
6.493364241788268654e-02
-4.735679719318047765e-01
-7.002780634256362546e-01
2.563711981254328975e+00
-1.307340801074799330e+00
-1.679845836369462386e-01
-1.801003136222231404e+00
-3.327874423408506921e+00
-1.727432178966375886e+01
1.350774035597099854e-01
1.280825809669161597e+00
-7.317961469473752700e-01
-1.266268104105669368e+00
-9.171991591276454914e-01
-1.456420327323038610e-01
-9.209670207333028324e-01
-5.432267811928635781e-02
-1.389816269389606007e-01
-1.271754977328626968e+00
2.187901739437506654e-01
6.979727325199129861e-01
2.011301865811503664e-01
-8.479465538362960242e-01
-1.406032705250630066e+00
-4.719549337205553030e-01
-6.683228751986840521e-01
-3.290809075805661288e-01
-3.006238582222240829e+00
2.865660441893340682e+00
-3.462366921498193140e+00
5.148680822311204608e-01
-1.850574160856861106e+00
1.993954279315425460e+00
2.948399511600519496e+00
-2.483772388743546999e-01
-2.137972222875847983e+00
1.273714460333172482e+00
-1.389195818064200560e-01
-5.878420238146493393e-01
-1.223490604958488825e+00
-1.812344506810350753e+00
-7.583520601291565688e-01
1.837524766784210506e+00
2.758202330481516196e-01
-3.194954366139068025e+00
-1.071839502022718715e+00
2.055368181802700533e+00
-1.279717457771887945e+00
-1.170045148510254052e+01
2.301878598014594601e+00
-3.847106299915594718e-01
6.370532751871815780e-01
-1.095207711612655288e+00
-2.159914327210379348e-01
6.092490612672231132e-01
-2.303530221984198434e+00
-6.731785942135193324e-03
1.195394753378122843e+00
-2.300487713377668442e+00
3.430339287105723112e-01
3.580407290258534658e+00
1.405049237316811084e+00
3.055582702052034971e+00
-2.400086634674933439e+00
-1.497180430656440020e+00
1.486520247361003078e+00
-7.875655932820666560e-01
-3.115254443559758446e-01
-1.496097176390967176e+00
-3.191995843898723706e+00
8.081811615191980547e-02
2.900655132045464324e-01
-9.294048198395472582e-01
5.939571901643180496e+00
-7.312561960483784596e+00
6.605897518612465547e+00
-3.163639463677939689e-01
-6.088308355451230724e-01
-3.086025683844568590e+01
-2.530997991047295503e+00
6.896252026274103386e-01
2.250297978022595125e-01
-7.677170868182588981e-01
8.351879432063227249e-01
2.042290648630962213e-01
-7.194614527911609159e-01
3.853286543691603061e-01
-5.955069080909409784e-01
6.044212819364203071e-02
1.535470782336815221e+00
3.032481914137963308e-01
3.722867545231741815e+01
-3.124414960116847162e+00
