4.619419262881540797e-03
-9.724644037726644097e-01
3.790740974727730972e+00
-6.958166399071771813e-02
-7.173922310700455718e-01
3.758666704952088461e-02
2.034369974196947317e-01
8.349403922614824225e-01
-6.603285832283503076e-01
1.158801907621571925e-01
-4.020196477945278679e-01
3.923101258057982044e+00
2.370466050754811982e-01
1.328975344394390523e-01
-8.234069395683343839e-02
2.380856644650518605e-01
-1.003882550194041823e+00
-1.366468076330195902e-01
-1.584552380494680790e+01
-7.678825129710196151e-01
2.114635957819901435e-01
-8.376816798770970740e-01
1.491268626451220713e+00
6.574722867393404391e-01
-2.781157871862205977e-01
1.791391905718260902e-01
-3.253659944692903760e-01
-7.906631053742241289e-01
1.549981804258100837e+00
-1.885200199041662805e-01
-8.328051480925047212e-01
-3.179286701244301433e-02
1.788270861281185287e+00
4.460614161500884300e-01
7.742379839371313910e-01
-2.114288940603112066e-01
5.685591888960331852e-01
-3.438347814165378935e-01
1.276662684276133941e+00
1.689783334041674578e-01
-3.928699182560856373e-01
-5.939380707194099607e-01
-8.538101649595030151e-01
-5.900543006709737526e-01
5.961559694822711475e-02
-3.250487808589781480e-01
-8.076667075532059648e-02
-1.836536265225417131e+00
6.289390261545095839e-01
-5.570217608289321776e-01
-9.390173605224045872e-01
-6.569346714021311318e-01
-5.995697984093204536e-01
-4.587166224437199125e-01
-2.615696800229058150e-01
6.636737967179719977e-01
-9.279305626124820794e-01
-6.342214080688867162e-01
-3.387070265610168107e-01
-8.646717519678513708e-02
6.821882640217851179e-01
-7.739983494687145971e-01
3.206587224659400714e-01
-1.181913205120422417e+00
-7.876761319451639487e-01
-2.714145750742678054e-01
-4.191105312589407106e-01
-2.101561717406551288e+00
2.612786139774718741e-01
-1.361077767653312287e-01
8.599703092384902714e-02
8.763723786153833073e-01
-1.100285785901952806e+00
-9.304968266618708350e-01
7.712676882118993049e+00
2.669691212702701932e+00
2.390397284977995029e-01
3.922594981794568780e-01
-4.515776107985308707e-01
-5.750907337533610608e-01
1.318407852293405735e+00
-9.683943334467435271e-01
2.902844351025392733e+00
-2.371110373491375212e-01
-2.200224132997313231e-01
-5.137913311678227180e-01
-2.472040058839722887e-01
2.753139814433961385e-01
3.364518849951869672e-02
-5.243535485588998180e-01
2.568012941519709491e-01
-1.242150479656077833e-01
9.260045939133707549e-01
3.595146255393051882e-01
-3.600066452394071193e-01
-8.596202896960907225e-01
9.376611521050476350e-01
8.169412557661639429e-01
-8.223726677448809363e-01
-2.155090161609614974e+00
1.673741768963968646e+00
6.320452335291016910e-01
-5.810789630947748030e-01
-5.105012113177826993e-01
4.509155109800789818e-01
2.398192071636043032e-01
-6.371520830881816089e-01
-7.872925477435811503e-01
8.407438427401324466e-02
-8.859338886806465974e-01
-4.263768875725212348e-01
4.932536847959710258e+00
-6.609467960755763816e-01
-1.405236397154370209e-01
-9.950008592966780308e-01
-4.574515341247143985e-01
8.503181666505943426e-01
-8.455000090064761498e-01
3.407141968860361025e-01
-6.746156000204582837e-01
2.993485631788325371e-02
-8.678841754727757429e-01
8.809753867333358635e-01
3.506828548845885019e-01
-4.572070990794392942e-01
-2.143243725074869488e+00
-5.011033702142922985e-01
-7.024466206853278827e+00
-4.717196374062185837e-01
8.608074543573375204e-01
4.794739435616781620e-01
3.124336125416622423e-01
-1.048603274699049681e+00
6.179422203052073459e-02
-9.132006505323586598e-01
-1.164044410507949712e+00
-1.437915603376861418e-01
-4.863345202172633108e-01
1.647484547020367507e-01
1.002214116660119725e+00
-1.035252156684872249e+00
-3.959952349514652692e-01
-8.688288246316369090e-01
-1.797610240964828965e-01
-1.987379396013573940e+00
1.013885940818633369e+00
7.987632976712615296e-01
5.029966017779399223e-01
1.000584290525923514e-01
-1.041673879499153688e-01
2.713759870235261662e-01
3.032833907873372925e-01
7.127177488009637241e-01
-2.079381388405137532e+00
-1.030976864471299592e+01
-3.162154501688309027e-01
-9.463376670328835782e-01
3.241974249532856955e+00
3.104826049959753531e-01
1.330049903122336286e+00
5.224129027845904050e-01
1.116520553950317352e+00
5.277819807198502744e-01
1.128853833616692282e-01
-8.946008915288905516e-01
-4.298039188630243812e-01
8.279509625110781368e-01
-1.837298465021498739e+00
6.797041717957660323e-01
-3.496512230736371074e-01
4.693091955210910160e-01
2.165631984948445943e-01
-5.995545365444554520e-01
5.092968966024410404e-01
3.357320876613111849e-01
-6.005113263929308332e+00
6.012455517801025273e-01
-3.636261193875908182e-01
5.835013811457141486e-01
-3.917176423505867033e-01
2.092587026826476515e-01
-9.591344608379988035e-01
-6.253072272635489259e-01
-2.864781587984602806e-01
7.343102507747385488e-01
5.292061713589032435e-01
-1.022689358174497132e+00
-3.405174511941500559e-01
-1.212388191204064880e-01
-1.139507637306163890e+00
9.398747006993191100e-01
-3.246443893505299716e-01
-4.378184274797032316e-01
-5.835251404442195478e-01
-1.931885396174988778e-01
-6.915817095120274649e-01
1.006909427490699116e+00
-2.756108917183654139e+00
5.941843765197806215e-01
6.245798557455424227e-01
-2.294648531671900304e+00
-6.763156810680455155e-01
-8.553433008183948527e-02
-8.926381387123788480e-01
5.730472185870756352e-01
2.391682351734107093e-01
-7.882910121388635449e-01
-7.294566070121624168e-01
2.596196225505436606e-01
3.950241248572208264e-01
-1.036879139467959676e-01
-4.860108624986338166e-02
1.829488269025047187e-01
3.336644535278274759e-01
-9.338901073660728358e-02
-3.899053694104696710e+00
6.241228226476787100e-01
7.114964133236678645e-01
8.100660276362983137e-01
-4.339387834564836233e-01
7.630000882586943645e-01
1.408139604668014744e-01
-2.795827198198916341e-01
-7.453574499608346393e-01
8.054924363800441967e-02
-5.428218428860476230e-01
-5.734809301098571233e-01
-5.724751118066394584e-01
-4.519730493168570007e-01
-9.955859930312558337e-01
8.634726702778040774e+00
-1.846275839842066668e+00
4.593191144265743597e-01
-4.710339914079475498e-01
-4.753250313410082861e-01
-3.422215874050407169e-01
-6.801133976681834614e-01
1.829358134062572805e-01
2.727888757966675515e-01
-7.719939817556802364e-01
1.558607459517517002e+00
4.872069619564746712e-01
5.671161310727773630e-01
5.709494995990248567e-01
-9.789706915227559814e-02
3.749885550147402102e-01
4.678113234549645116e-01
-5.743709609331253407e-01
5.157148335623238378e-01
-1.848069646315258219e-01
6.859908996132322301e-01
-8.569845770134482121e-01
9.959901271477010487e-02
6.677533364918133429e-01
-3.265312665462289488e+00
-7.907137157040367015e-01
-7.704083636419325476e-01
5.571756291264152727e-01
-3.369942988588887738e-03
9.336014636131104716e-01
6.521138590730543028e-01
1.115410566159915490e-01
-3.179898090066564098e-01
2.931511582946582095e-01
9.497006086632375776e-02
