2.438394655216491902e+00
-7.214728186821730560e-01
-4.817419703774393769e-01
-1.123122757508325797e+00
8.715019572234710132e-01
-3.280379227599633296e+00
9.261700452435825404e-02
-1.701676268930038871e+00
-9.652844069194361776e-01
-3.228070928726909372e-01
-2.583457456785289708e-01
1.011591302509396773e+00
3.932718816145579410e+01
1.432222893614927273e-01
4.218205115884056511e+01
2.291012696819019201e+00
-1.674657548770577264e-01
-2.302630045902302136e+00
1.258016003962281193e-01
-2.956879072992424362e+00
1.764656298804116119e+00
-5.116951926692301811e+00
-6.427906063332494568e+01
2.183443870471095671e+00
3.477979528940706722e+00
-2.337748820429063734e+00
3.595678126270728803e-01
4.409179491140044149e+01
1.632681363619890913e+00
1.385576288356018893e+02
1.266037771797227096e-01
3.957040585173533520e-01
-1.989798267106611007e+00
-5.832065913829449499e-01
-2.380260073465867779e-02
-1.755662241916809307e+00
8.846845750162346533e+00
3.794670754404011692e+00
-2.381443502045767491e-01
1.355446782604063705e+00
-7.111720335821675176e-01
-4.772501756685352259e-01
-1.769918429473748445e+00
3.057763616941686635e-01
1.365197517139835170e+00
4.504609400128376517e-01
-1.045346727966981248e+01
-8.293260598851812659e+00
9.795236017957007491e-01
1.022979377537714507e+00
-1.364746876323328639e-01
-1.739558041953578327e+00
-7.161011329016156446e-02
-1.440626730284912504e+00
1.167540993570824170e+01
-1.568675183226817538e+00
-9.648488244606016062e-01
-5.427079823389716617e-01
-1.988772767486580495e+00
-6.306750351031602975e+00
-3.034298760849188925e-01
-4.100075078677372886e+01
1.693269642043168766e+00
1.643524581685948949e-01
-8.404049409086644662e-02
4.346963881013488074e-01
-3.212068339082099211e+00
4.460958301196926157e-01
2.053085349348466038e-01
5.690772592400429986e+00
-3.818426961465257730e-01
-7.077448286117999920e-01
6.022839825215420273e-01
5.558809757483125225e-01
-1.299019881127011500e-01
2.311489719726861125e+00
1.175433455280778894e+01
1.133378454848032346e+00
8.243945759871741075e+01
1.038773309989277527e+00
-3.094132427283834419e-01
-2.648853965376500419e+00
2.971376744787275759e-01
6.571959212042312259e+00
4.861599990077530298e-01
-5.231111964278991167e+00
2.066269574507655360e+00
-2.282760477452640657e+00
3.800013202404185497e-01
-1.534899630464103826e+00
4.379307399404268608e+00
1.869277553384391943e+00
-2.384086685769209346e+00
6.902245864120252206e-01
-7.334846256818209342e-01
-2.638806866738824031e+00
5.273541010163434350e+01
-1.373049633007723536e-01
-1.039592715759291242e+00
-2.048251049744578722e+00
5.848362079842948091e+00
1.156100833125916605e+00
-9.905072961098616569e-01
5.905261251667842139e-03
-2.317144889356121951e+00
1.598386333921993474e+00
-7.667998797474031569e-01
1.980788423341036264e+01
-2.267121385529720645e-01
-6.865603794784218561e-01
1.191757383093519085e+00
1.915437639312716156e+00
7.502402194947084269e+00
-9.770546303034474134e-01
-2.291947026722906067e+00
2.410024626715280061e+00
-2.342428181199963433e+00
-2.772067226418183594e+00
-4.434810796283388812e-01
7.463791172720675160e-01
1.840226186544495324e+00
1.207795910153138808e+00
-6.528959354616749311e-02
-1.110803323670347176e+00
-4.729764903954361555e-01
5.308841556214333179e-01
-9.172865781372143701e-01
-4.362568512640895513e+00
1.035540879746102050e+01
-1.047588448605476064e+00
-5.885080944213583187e-01
1.363895864741024866e+00
-2.581606338717314486e+00
1.022795088037114830e+00
3.361649184598820561e+00
2.257913538358949701e+00
-6.091997542896527840e+00
2.779808183637966224e+00
2.137772549963176338e+00
1.774097206326638698e+00
-2.095556075790248940e+00
-2.765414810716690930e-01
7.030548872290779405e-01
6.949502975518238035e-01
-5.160975429528702918e+00
-5.540165515048531830e-01
-7.749283092278290708e-01
1.023702892522485897e+01
1.853147540401356652e+00
-2.197165346993812385e+00
2.869332511350665627e+01
8.180144889626431715e-01
-6.180271366403001787e-01
-1.669155744066550762e+00
3.935293222843113670e-01
4.979756116455965298e+01
2.679194233733922736e+00
3.915161412094584903e-01
5.417194838273239332e-01
-6.398913607966485451e-01
2.724137589873124599e-01
4.493462078313630731e-02
-3.463450169924674471e-01
5.858227415718689102e+00
1.661546679628894019e+00
5.074514090779698172e+00
-1.345807776327067051e+00
-3.593803178989422253e+00
-1.520825865249680220e+00
6.766129688192658032e-01
-1.130659746705849678e+00
-8.009845408843908610e-01
-1.208727043739917839e+01
1.886056813247663777e-01
1.133924613917021151e+00
1.133226941421810130e+00
-3.267166140083098691e-01
-2.296714322805855524e+00
-1.684856345206401596e+00
-4.049987942055985335e-01
2.344086883976874258e+00
-2.813584845279612612e+00
2.043592685101320860e+00
6.874678996462180169e-01
8.727267202457805739e-02
-9.923910659080581453e-01
9.598341881976197865e-01
-1.433783612906803029e+01
-1.432171159984181763e+00
-9.300531055330062136e-02
8.281310402868836462e+00
-2.726130654839016287e+00
-1.575458352209155866e+00
1.473371777474769440e+00
3.008403395472154518e-01
1.511393238870528899e+00
-1.276316929794037103e+00
-8.515245760296179522e-01
1.566155721927487754e+00
-1.602245857835273313e+01
2.352448780560589814e+00
-7.356150122572736594e-01
6.544215576168233017e-01
8.224111018652429106e-01
-1.867116405205911711e+00
4.200719772779282213e-01
1.794317413230725800e+00
5.607791345202588040e+00
4.545977711049323133e+00
8.035420213739379314e-01
1.829796130584257385e+00
1.415915475479861518e+00
-2.377754900060650378e+00
7.380773131981197555e-01
-9.613763570025442462e+00
-5.140886122595887286e+00
1.175863027246557113e+00
-5.080884002319565607e-01
3.430800480551295273e+00
1.600652259939286948e-01
6.405567895275998680e-01
2.096400917009011877e+00
-2.607160983696416023e-01
-8.573987588543487970e-01
1.246849872323796404e+00
4.719994401640259518e+00
-1.992242561931121703e+00
-2.573030509556747392e-01
5.550294005646829731e-01
2.591607914582115590e+00
-1.172909438819763173e+00
-3.312135114497340105e+00
1.205929234836923492e+01
-2.546724946304288612e-03
1.079295482602388168e+00
2.746219274398709942e+00
2.389534280066865635e-01
1.484276630916812501e+00
7.569791051984309238e-01
3.529752011996730054e+00
1.067026152857213583e+00
4.379870249841183449e-01
4.566485620281682256e-02
8.703069021983005360e-01
1.125505391163802216e+00
-1.616389619419725601e-02
-4.131655767720156192e+00
2.289319274109865354e+00
2.128572263117743724e+00
-2.405248580657138313e-01
-1.249615917470466409e+00
1.226572430014235326e+00
-3.285440340627239775e-01
3.584198213947986655e-01
1.260732050013973904e+01
-1.091870107193289474e+00
-3.031070089825783631e-01
6.067887127525938284e-01
-1.167021828176294962e+00
-1.092303301943111649e+01
-3.208648766004122876e+02
-3.087356134613913339e-01
6.735247389735369294e-01
-1.887593772193746078e-01
7.387498761010056114e+01
